strat [1 0 0 0 0 0 0 0 0 0 0 0 0 0 0 0 0 0 0 0 0 0 0 0 0 0 0 0 0 0 0 0 0 0 0 0 0 0 0 0 0 0 0 0 0 0 0 0 0 0 0 0 0 0 0 0 0 0 0 0 0 0 0 0 0 0 0 0 0 0 0 0 0 0 0 0 0 0 0 0 0 0 0 0 0 0 0 0 0 0 0 0 0 0 0 0 0 0 0 0 0 0 0 0 0 0 0 0 0 0 0 0 0 0 0 0 0 0 0 0 0 0 0 0 0 0 0 0 0 0 0 0 0 0 0 0 0 0 0 0 0 0 0 0 0 0 0 0 0 0 0 0 0 0 0 0 0 0 0 0 0 0 0 0 0 0 0 0 0 0 0 0 0 0 0 0 0 0 0 0 0 0 0 0 0 0 0 0 0 0 0 0 0 0 0 0 0 0 0 0 0]
[1]
[1 2 0 0 0 0 0 0 0 0 0 0 0 0 0 0 0 0 0 0 0 0 0 0 0 0 0 0 0 0 0 0 0 0 0 0 0 0 0 0 0 0 0 0 0 0 0 0 0 0 0 0 0 0 0 0 0 0 0 0 0 0 0 0 0 0 0 0 0 0 0 0 0 0 0 0 0 0 0 0 0 0 0 0 0 0 0 0 0 0 0 0 0 0 0 0 0 0 0 0 0 0 0 0 0 0 0 0 0 0 0 0 0 0 0 0 0 0 0 0 0 0 0 0 0 0 0 0 0 0 0 0 0 0 0 0 0 0 0 0 0 0 0 0 0 0 0 0 0 0 0 0 0 0 0 0 0 0 0 0 0 0 0 0 0 0 0 0 0 0 0 0 0 0 0 0 0 0 0 0 0 0 0 0 0 0 0 0 0 0 0 0 0 0 0 0 0 0 0 0 0]
[2]
[1 2 3 0 0 0 0 0 0 0 0 0 0 0 0 0 0 0 0 0 0 0 0 0 0 0 0 0 0 0 0 0 0 0 0 0 0 0 0 0 0 0 0 0 0 0 0 0 0 0 0 0 0 0 0 0 0 0 0 0 0 0 0 0 0 0 0 0 0 0 0 0 0 0 0 0 0 0 0 0 0 0 0 0 0 0 0 0 0 0 0 0 0 0 0 0 0 0 0 0 0 0 0 0 0 0 0 0 0 0 0 0 0 0 0 0 0 0 0 0 0 0 0 0 0 0 0 0 0 0 0 0 0 0 0 0 0 0 0 0 0 0 0 0 0 0 0 0 0 0 0 0 0 0 0 0 0 0 0 0 0 0 0 0 0 0 0 0 0 0 0 0 0 0 0 0 0 0 0 0 0 0 0 0 0 0 0 0 0 0 0 0 0 0 0 0 0 0 0 0 0]
[4 3]
[1 2 3 4 4 0 0 0 0 0 0 0 0 0 0 0 0 0 0 0 0 0 0 0 0 0 0 0 0 0 0 0 0 0 0 0 0 0 0 0 0 0 0 0 0 0 0 0 0 0 0 0 0 0 0 0 0 0 0 0 0 0 0 0 0 0 0 0 0 0 0 0 0 0 0 0 0 0 0 0 0 0 0 0 0 0 0 0 0 0 0 0 0 0 0 0 0 0 0 0 0 0 0 0 0 0 0 0 0 0 0 0 0 0 0 0 0 0 0 0 0 0 0 0 0 0 0 0 0 0 0 0 0 0 0 0 0 0 0 0 0 0 0 0 0 0 0 0 0 0 0 0 0 0 0 0 0 0 0 0 0 0 0 0 0 0 0 0 0 0 0 0 0 0 0 0 0 0 0 0 0 0 0 0 0 0 0 0 0 0 0 0 0 0 0 0 0 0 0 0 0]
[3 8 5]
[1 2 3 4 4 5 0 0 5 0 0 0 0 0 0 0 0 0 0 0 0 0 0 0 0 0 0 0 0 0 0 0 0 0 0 0 0 0 0 0 0 0 0 0 0 0 0 0 0 0 0 0 0 0 0 0 0 0 0 0 0 0 0 0 0 0 0 0 0 0 0 0 0 0 0 0 0 0 0 0 0 0 0 0 0 0 0 0 0 0 0 0 0 0 0 0 0 0 0 0 0 0 0 0 0 0 0 0 0 0 0 0 0 0 0 0 0 0 0 0 0 0 0 0 0 0 0 0 0 0 0 0 0 0 0 0 0 0 0 0 0 0 0 0 0 0 0 0 0 0 0 0 0 0 0 0 0 0 0 0 0 0 0 0 0 0 0 0 0 0 0 0 0 0 0 0 0 0 0 0 0 0 0 0 0 0 0 0 0 0 0 0 0 0 0 0 0 0 0 0 0]
[8 5 6]
[1 2 3 4 4 5 5 0 5 0 0 0 0 0 0 0 0 0 0 0 0 0 0 0 0 0 0 0 0 0 0 0 0 0 0 0 0 0 0 0 0 0 0 0 0 0 0 0 0 0 0 0 0 0 0 0 0 0 0 0 0 0 0 0 0 0 0 0 0 0 0 0 0 0 0 0 0 0 0 0 0 0 0 0 0 0 0 0 0 0 0 0 0 0 0 0 0 0 0 0 0 0 0 0 0 0 0 0 0 0 0 0 0 0 0 0 0 0 0 0 0 0 0 0 0 0 0 0 0 0 0 0 0 0 0 0 0 0 0 0 0 0 0 0 0 0 0 0 0 0 0 0 0 0 0 0 0 0 0 0 0 0 0 0 0 0 0 0 0 0 0 0 0 0 0 0 0 0 0 0 0 0 0 0 0 0 0 0 0 0 0 0 0 0 0 0 0 0 0 0 0]
[5 6 16 9 7]
[1 2 3 4 4 5 5 6 5 6 0 0 0 0 0 0 6 0 0 0 0 0 0 0 0 0 0 0 0 0 0 0 0 0 0 0 0 0 0 0 0 0 0 0 0 0 0 0 0 0 0 0 0 0 0 0 0 0 0 0 0 0 0 0 0 0 0 0 0 0 0 0 0 0 0 0 0 0 0 0 0 0 0 0 0 0 0 0 0 0 0 0 0 0 0 0 0 0 0 0 0 0 0 0 0 0 0 0 0 0 0 0 0 0 0 0 0 0 0 0 0 0 0 0 0 0 0 0 0 0 0 0 0 0 0 0 0 0 0 0 0 0 0 0 0 0 0 0 0 0 0 0 0 0 0 0 0 0 0 0 0 0 0 0 0 0 0 0 0 0 0 0 0 0 0 0 0 0 0 0 0 0 0 0 0 0 0 0 0 0 0 0 0 0 0 0 0 0 0 0 0]
[6 16 9 7 10]
[1 2 3 4 4 5 5 6 5 6 6 0 0 0 0 0 6 0 0 0 0 0 0 0 0 0 0 0 0 0 0 0 0 0 0 0 0 0 0 0 0 0 0 0 0 0 0 0 0 0 0 0 0 0 0 0 0 0 0 0 0 0 0 0 0 0 0 0 0 0 0 0 0 0 0 0 0 0 0 0 0 0 0 0 0 0 0 0 0 0 0 0 0 0 0 0 0 0 0 0 0 0 0 0 0 0 0 0 0 0 0 0 0 0 0 0 0 0 0 0 0 0 0 0 0 0 0 0 0 0 0 0 0 0 0 0 0 0 0 0 0 0 0 0 0 0 0 0 0 0 0 0 0 0 0 0 0 0 0 0 0 0 0 0 0 0 0 0 0 0 0 0 0 0 0 0 0 0 0 0 0 0 0 0 0 0 0 0 0 0 0 0 0 0 0 0 0 0 0 0 0]
[16 9 7 10 12]
[1 2 3 4 4 5 5 6 5 6 6 0 6 0 0 0 6 0 0 0 0 0 0 0 0 0 0 0 0 0 0 0 0 0 0 0 0 0 0 0 0 0 0 0 0 0 0 0 0 0 0 0 0 0 0 0 0 0 0 0 0 0 0 0 0 0 0 0 0 0 0 0 0 0 0 0 0 0 0 0 0 0 0 0 0 0 0 0 0 0 0 0 0 0 0 0 0 0 0 0 0 0 0 0 0 0 0 0 0 0 0 0 0 0 0 0 0 0 0 0 0 0 0 0 0 0 0 0 0 0 0 0 0 0 0 0 0 0 0 0 0 0 0 0 0 0 0 0 0 0 0 0 0 0 0 0 0 0 0 0 0 0 0 0 0 0 0 0 0 0 0 0 0 0 0 0 0 0 0 0 0 0 0 0 0 0 0 0 0 0 0 0 0 0 0 0 0 0 0 0 0]
[9 7 10 12 32 17 15]
[1 2 3 4 4 5 5 6 5 6 6 0 6 0 0 7 6 7 0 0 0 0 0 0 0 0 0 0 0 0 0 0 7 0 0 0 0 0 0 0 0 0 0 0 0 0 0 0 0 0 0 0 0 0 0 0 0 0 0 0 0 0 0 0 0 0 0 0 0 0 0 0 0 0 0 0 0 0 0 0 0 0 0 0 0 0 0 0 0 0 0 0 0 0 0 0 0 0 0 0 0 0 0 0 0 0 0 0 0 0 0 0 0 0 0 0 0 0 0 0 0 0 0 0 0 0 0 0 0 0 0 0 0 0 0 0 0 0 0 0 0 0 0 0 0 0 0 0 0 0 0 0 0 0 0 0 0 0 0 0 0 0 0 0 0 0 0 0 0 0 0 0 0 0 0 0 0 0 0 0 0 0 0 0 0 0 0 0 0 0 0 0 0 0 0 0 0 0 0 0 0]
[7 10 12 32 17 15 18]
[1 2 3 4 4 5 5 6 5 6 6 0 6 0 0 7 6 7 7 0 0 0 0 0 0 0 0 0 0 0 0 0 7 0 0 0 0 0 0 0 0 0 0 0 0 0 0 0 0 0 0 0 0 0 0 0 0 0 0 0 0 0 0 0 0 0 0 0 0 0 0 0 0 0 0 0 0 0 0 0 0 0 0 0 0 0 0 0 0 0 0 0 0 0 0 0 0 0 0 0 0 0 0 0 0 0 0 0 0 0 0 0 0 0 0 0 0 0 0 0 0 0 0 0 0 0 0 0 0 0 0 0 0 0 0 0 0 0 0 0 0 0 0 0 0 0 0 0 0 0 0 0 0 0 0 0 0 0 0 0 0 0 0 0 0 0 0 0 0 0 0 0 0 0 0 0 0 0 0 0 0 0 0 0 0 0 0 0 0 0 0 0 0 0 0 0 0 0 0 0 0]
[10 12 32 17 15 18 14]
[1 2 3 4 4 5 5 6 5 6 6 0 6 0 7 7 6 7 7 0 0 0 0 0 0 0 0 0 0 0 0 0 7 0 0 0 0 0 0 0 0 0 0 0 0 0 0 0 0 0 0 0 0 0 0 0 0 0 0 0 0 0 0 0 0 0 0 0 0 0 0 0 0 0 0 0 0 0 0 0 0 0 0 0 0 0 0 0 0 0 0 0 0 0 0 0 0 0 0 0 0 0 0 0 0 0 0 0 0 0 0 0 0 0 0 0 0 0 0 0 0 0 0 0 0 0 0 0 0 0 0 0 0 0 0 0 0 0 0 0 0 0 0 0 0 0 0 0 0 0 0 0 0 0 0 0 0 0 0 0 0 0 0 0 0 0 0 0 0 0 0 0 0 0 0 0 0 0 0 0 0 0 0 0 0 0 0 0 0 0 0 0 0 0 0 0 0 0 0 0 0]
[12 32 17 15 18 14 20 11]
[1 2 3 4 4 5 5 6 5 6 6 7 6 0 7 7 6 7 7 0 7 0 0 0 0 0 0 0 0 0 0 0 7 0 0 0 0 0 0 0 0 0 0 0 0 0 0 0 0 0 0 0 0 0 0 0 0 0 0 0 0 0 0 0 0 0 0 0 0 0 0 0 0 0 0 0 0 0 0 0 0 0 0 0 0 0 0 0 0 0 0 0 0 0 0 0 0 0 0 0 0 0 0 0 0 0 0 0 0 0 0 0 0 0 0 0 0 0 0 0 0 0 0 0 0 0 0 0 0 0 0 0 0 0 0 0 0 0 0 0 0 0 0 0 0 0 0 0 0 0 0 0 0 0 0 0 0 0 0 0 0 0 0 0 0 0 0 0 0 0 0 0 0 0 0 0 0 0 0 0 0 0 0 0 0 0 0 0 0 0 0 0 0 0 0 0 0 0 0 0 0]
[32 17 15 18 14 20 11 24 13]
[1 2 3 4 4 5 5 6 5 6 6 7 6 7 7 7 6 7 7 0 7 0 0 0 7 0 0 0 0 0 0 0 7 0 0 0 0 0 0 0 0 0 0 0 0 0 0 0 0 0 0 0 0 0 0 0 0 0 0 0 0 0 0 0 0 0 0 0 0 0 0 0 0 0 0 0 0 0 0 0 0 0 0 0 0 0 0 0 0 0 0 0 0 0 0 0 0 0 0 0 0 0 0 0 0 0 0 0 0 0 0 0 0 0 0 0 0 0 0 0 0 0 0 0 0 0 0 0 0 0 0 0 0 0 0 0 0 0 0 0 0 0 0 0 0 0 0 0 0 0 0 0 0 0 0 0 0 0 0 0 0 0 0 0 0 0 0 0 0 0 0 0 0 0 0 0 0 0 0 0 0 0 0 0 0 0 0 0 0 0 0 0 0 0 0 0 0 0 0 0 0]
[17 15 18 14 20 11 24 13 64 33 31]
[1 2 3 4 4 5 5 6 5 6 6 7 6 7 7 7 6 7 7 0 7 0 0 0 7 0 0 0 0 0 0 8 7 8 0 0 0 0 0 0 0 0 0 0 0 0 0 0 0 0 0 0 0 0 0 0 0 0 0 0 0 0 0 0 8 0 0 0 0 0 0 0 0 0 0 0 0 0 0 0 0 0 0 0 0 0 0 0 0 0 0 0 0 0 0 0 0 0 0 0 0 0 0 0 0 0 0 0 0 0 0 0 0 0 0 0 0 0 0 0 0 0 0 0 0 0 0 0 0 0 0 0 0 0 0 0 0 0 0 0 0 0 0 0 0 0 0 0 0 0 0 0 0 0 0 0 0 0 0 0 0 0 0 0 0 0 0 0 0 0 0 0 0 0 0 0 0 0 0 0 0 0 0 0 0 0 0 0 0 0 0 0 0 0 0 0 0 0 0 0 0]
[15 18 14 20 11 24 13 64 33 31 34]
[1 2 3 4 4 5 5 6 5 6 6 7 6 7 7 7 6 7 7 0 7 0 0 0 7 0 0 0 0 0 0 8 7 8 8 0 0 0 0 0 0 0 0 0 0 0 0 0 0 0 0 0 0 0 0 0 0 0 0 0 0 0 0 0 8 0 0 0 0 0 0 0 0 0 0 0 0 0 0 0 0 0 0 0 0 0 0 0 0 0 0 0 0 0 0 0 0 0 0 0 0 0 0 0 0 0 0 0 0 0 0 0 0 0 0 0 0 0 0 0 0 0 0 0 0 0 0 0 0 0 0 0 0 0 0 0 0 0 0 0 0 0 0 0 0 0 0 0 0 0 0 0 0 0 0 0 0 0 0 0 0 0 0 0 0 0 0 0 0 0 0 0 0 0 0 0 0 0 0 0 0 0 0 0 0 0 0 0 0 0 0 0 0 0 0 0 0 0 0 0 0]
[18 14 20 11 24 13 64 33 31 34 30]
[1 2 3 4 4 5 5 6 5 6 6 7 6 7 7 7 6 7 7 0 7 0 0 0 7 0 0 0 0 0 8 8 7 8 8 0 0 0 0 0 0 0 0 0 0 0 0 0 0 0 0 0 0 0 0 0 0 0 0 0 0 0 0 0 8 0 0 0 0 0 0 0 0 0 0 0 0 0 0 0 0 0 0 0 0 0 0 0 0 0 0 0 0 0 0 0 0 0 0 0 0 0 0 0 0 0 0 0 0 0 0 0 0 0 0 0 0 0 0 0 0 0 0 0 0 0 0 0 0 0 0 0 0 0 0 0 0 0 0 0 0 0 0 0 0 0 0 0 0 0 0 0 0 0 0 0 0 0 0 0 0 0 0 0 0 0 0 0 0 0 0 0 0 0 0 0 0 0 0 0 0 0 0 0 0 0 0 0 0 0 0 0 0 0 0 0 0 0 0 0 0]
[14 20 11 24 13 64 33 31 34 30 36 19]
[1 2 3 4 4 5 5 6 5 6 6 7 6 7 7 7 6 7 7 8 7 0 0 0 7 0 0 0 0 0 8 8 7 8 8 0 8 0 0 0 0 0 0 0 0 0 0 0 0 0 0 0 0 0 0 0 0 0 0 0 0 0 0 0 8 0 0 0 0 0 0 0 0 0 0 0 0 0 0 0 0 0 0 0 0 0 0 0 0 0 0 0 0 0 0 0 0 0 0 0 0 0 0 0 0 0 0 0 0 0 0 0 0 0 0 0 0 0 0 0 0 0 0 0 0 0 0 0 0 0 0 0 0 0 0 0 0 0 0 0 0 0 0 0 0 0 0 0 0 0 0 0 0 0 0 0 0 0 0 0 0 0 0 0 0 0 0 0 0 0 0 0 0 0 0 0 0 0 0 0 0 0 0 0 0 0 0 0 0 0 0 0 0 0 0 0 0 0 0 0 0]
[20 11 24 13 64 33 31 34 30 36 19 28]
[1 2 3 4 4 5 5 6 5 6 6 7 6 7 7 7 6 7 7 8 7 0 0 0 7 0 0 0 8 0 8 8 7 8 8 0 8 0 0 0 0 0 0 0 0 0 0 0 0 0 0 0 0 0 0 0 0 0 0 0 0 0 0 0 8 0 0 0 0 0 0 0 0 0 0 0 0 0 0 0 0 0 0 0 0 0 0 0 0 0 0 0 0 0 0 0 0 0 0 0 0 0 0 0 0 0 0 0 0 0 0 0 0 0 0 0 0 0 0 0 0 0 0 0 0 0 0 0 0 0 0 0 0 0 0 0 0 0 0 0 0 0 0 0 0 0 0 0 0 0 0 0 0 0 0 0 0 0 0 0 0 0 0 0 0 0 0 0 0 0 0 0 0 0 0 0 0 0 0 0 0 0 0 0 0 0 0 0 0 0 0 0 0 0 0 0 0 0 0 0 0]
[11 24 13 64 33 31 34 30 36 19 28 40 21]
[1 2 3 4 4 5 5 6 5 6 6 7 6 7 7 7 6 7 7 8 7 8 0 0 7 0 0 0 8 0 8 8 7 8 8 0 8 0 0 0 8 0 0 0 0 0 0 0 0 0 0 0 0 0 0 0 0 0 0 0 0 0 0 0 8 0 0 0 0 0 0 0 0 0 0 0 0 0 0 0 0 0 0 0 0 0 0 0 0 0 0 0 0 0 0 0 0 0 0 0 0 0 0 0 0 0 0 0 0 0 0 0 0 0 0 0 0 0 0 0 0 0 0 0 0 0 0 0 0 0 0 0 0 0 0 0 0 0 0 0 0 0 0 0 0 0 0 0 0 0 0 0 0 0 0 0 0 0 0 0 0 0 0 0 0 0 0 0 0 0 0 0 0 0 0 0 0 0 0 0 0 0 0 0 0 0 0 0 0 0 0 0 0 0 0 0 0 0 0 0 0]
[24 13 64 33 31 34 30 36 19 28 40 21 22]
[1 2 3 4 4 5 5 6 5 6 6 7 6 7 7 7 6 7 7 8 7 8 8 0 7 0 0 0 8 0 8 8 7 8 8 0 8 0 0 0 8 0 0 0 0 0 0 0 0 0 0 0 0 0 0 0 0 0 0 0 0 0 0 0 8 0 0 0 0 0 0 0 0 0 0 0 0 0 0 0 0 0 0 0 0 0 0 0 0 0 0 0 0 0 0 0 0 0 0 0 0 0 0 0 0 0 0 0 0 0 0 0 0 0 0 0 0 0 0 0 0 0 0 0 0 0 0 0 0 0 0 0 0 0 0 0 0 0 0 0 0 0 0 0 0 0 0 0 0 0 0 0 0 0 0 0 0 0 0 0 0 0 0 0 0 0 0 0 0 0 0 0 0 0 0 0 0 0 0 0 0 0 0 0 0 0 0 0 0 0 0 0 0 0 0 0 0 0 0 0 0]
[13 64 33 31 34 30 36 19 28 40 21 22 48 25 23]
[1 2 3 4 4 5 5 6 5 6 6 7 6 7 7 7 6 7 7 8 7 8 8 8 7 8 0 0 8 0 8 8 7 8 8 0 8 0 0 0 8 0 0 0 0 0 0 0 8 0 0 0 0 0 0 0 0 0 0 0 0 0 0 0 8 0 0 0 0 0 0 0 0 0 0 0 0 0 0 0 0 0 0 0 0 0 0 0 0 0 0 0 0 0 0 0 0 0 0 0 0 0 0 0 0 0 0 0 0 0 0 0 0 0 0 0 0 0 0 0 0 0 0 0 0 0 0 0 0 0 0 0 0 0 0 0 0 0 0 0 0 0 0 0 0 0 0 0 0 0 0 0 0 0 0 0 0 0 0 0 0 0 0 0 0 0 0 0 0 0 0 0 0 0 0 0 0 0 0 0 0 0 0 0 0 0 0 0 0 0 0 0 0 0 0 0 0 0 0 0 0]
[64 33 31 34 30 36 19 28 40 21 22 48 25 23 26]
[1 2 3 4 4 5 5 6 5 6 6 7 6 7 7 7 6 7 7 8 7 8 8 8 7 8 8 0 8 0 8 8 7 8 8 0 8 0 0 0 8 0 0 0 0 0 0 0 8 0 0 0 0 0 0 0 0 0 0 0 0 0 0 0 8 0 0 0 0 0 0 0 0 0 0 0 0 0 0 0 0 0 0 0 0 0 0 0 0 0 0 0 0 0 0 0 0 0 0 0 0 0 0 0 0 0 0 0 0 0 0 0 0 0 0 0 0 0 0 0 0 0 0 0 0 0 0 0 0 0 0 0 0 0 0 0 0 0 0 0 0 0 0 0 0 0 0 0 0 0 0 0 0 0 0 0 0 0 0 0 0 0 0 0 0 0 0 0 0 0 0 0 0 0 0 0 0 0 0 0 0 0 0 0 0 0 0 0 0 0 0 0 0 0 0 0 0 0 0 0 0]
[33 31 34 30 36 19 28 40 21 22 48 25 23 26 128 65 63]
[1 2 3 4 4 5 5 6 5 6 6 7 6 7 7 7 6 7 7 8 7 8 8 8 7 8 8 0 8 0 8 8 7 8 8 0 8 0 0 0 8 0 0 0 0 0 0 0 8 0 0 0 0 0 0 0 0 0 0 0 0 0 0 9 8 9 0 0 0 0 0 0 0 0 0 0 0 0 0 0 0 0 0 0 0 0 0 0 0 0 0 0 0 0 0 0 0 0 0 0 0 0 0 0 0 0 0 0 0 0 0 0 0 0 0 0 0 0 0 0 0 0 0 0 0 0 0 0 9 0 0 0 0 0 0 0 0 0 0 0 0 0 0 0 0 0 0 0 0 0 0 0 0 0 0 0 0 0 0 0 0 0 0 0 0 0 0 0 0 0 0 0 0 0 0 0 0 0 0 0 0 0 0 0 0 0 0 0 0 0 0 0 0 0 0 0 0 0 0 0 0]
[31 34 30 36 19 28 40 21 22 48 25 23 26 128 65 63 66]
[1 2 3 4 4 5 5 6 5 6 6 7 6 7 7 7 6 7 7 8 7 8 8 8 7 8 8 0 8 0 8 8 7 8 8 0 8 0 0 0 8 0 0 0 0 0 0 0 8 0 0 0 0 0 0 0 0 0 0 0 0 0 0 9 8 9 9 0 0 0 0 0 0 0 0 0 0 0 0 0 0 0 0 0 0 0 0 0 0 0 0 0 0 0 0 0 0 0 0 0 0 0 0 0 0 0 0 0 0 0 0 0 0 0 0 0 0 0 0 0 0 0 0 0 0 0 0 0 9 0 0 0 0 0 0 0 0 0 0 0 0 0 0 0 0 0 0 0 0 0 0 0 0 0 0 0 0 0 0 0 0 0 0 0 0 0 0 0 0 0 0 0 0 0 0 0 0 0 0 0 0 0 0 0 0 0 0 0 0 0 0 0 0 0 0 0 0 0 0 0 0]
[34 30 36 19 28 40 21 22 48 25 23 26 128 65 63 66 62]
[1 2 3 4 4 5 5 6 5 6 6 7 6 7 7 7 6 7 7 8 7 8 8 8 7 8 8 0 8 0 8 8 7 8 8 0 8 0 0 0 8 0 0 0 0 0 0 0 8 0 0 0 0 0 0 0 0 0 0 0 0 0 9 9 8 9 9 0 0 0 0 0 0 0 0 0 0 0 0 0 0 0 0 0 0 0 0 0 0 0 0 0 0 0 0 0 0 0 0 0 0 0 0 0 0 0 0 0 0 0 0 0 0 0 0 0 0 0 0 0 0 0 0 0 0 0 0 0 9 0 0 0 0 0 0 0 0 0 0 0 0 0 0 0 0 0 0 0 0 0 0 0 0 0 0 0 0 0 0 0 0 0 0 0 0 0 0 0 0 0 0 0 0 0 0 0 0 0 0 0 0 0 0 0 0 0 0 0 0 0 0 0 0 0 0 0 0 0 0 0 0]
[30 36 19 28 40 21 22 48 25 23 26 128 65 63 66 62 68 35]
[1 2 3 4 4 5 5 6 5 6 6 7 6 7 7 7 6 7 7 8 7 8 8 8 7 8 8 0 8 0 8 8 7 8 8 9 8 0 0 0 8 0 0 0 0 0 0 0 8 0 0 0 0 0 0 0 0 0 0 0 0 0 9 9 8 9 9 0 9 0 0 0 0 0 0 0 0 0 0 0 0 0 0 0 0 0 0 0 0 0 0 0 0 0 0 0 0 0 0 0 0 0 0 0 0 0 0 0 0 0 0 0 0 0 0 0 0 0 0 0 0 0 0 0 0 0 0 0 9 0 0 0 0 0 0 0 0 0 0 0 0 0 0 0 0 0 0 0 0 0 0 0 0 0 0 0 0 0 0 0 0 0 0 0 0 0 0 0 0 0 0 0 0 0 0 0 0 0 0 0 0 0 0 0 0 0 0 0 0 0 0 0 0 0 0 0 0 0 0 0 0]
[36 19 28 40 21 22 48 25 23 26 128 65 63 66 62 68 35 60 29]
[1 2 3 4 4 5 5 6 5 6 6 7 6 7 7 7 6 7 7 8 7 8 8 8 7 8 8 0 8 9 8 8 7 8 8 9 8 0 0 0 8 0 0 0 0 0 0 0 8 0 0 0 0 0 0 0 0 0 0 0 9 0 9 9 8 9 9 0 9 0 0 0 0 0 0 0 0 0 0 0 0 0 0 0 0 0 0 0 0 0 0 0 0 0 0 0 0 0 0 0 0 0 0 0 0 0 0 0 0 0 0 0 0 0 0 0 0 0 0 0 0 0 0 0 0 0 0 0 9 0 0 0 0 0 0 0 0 0 0 0 0 0 0 0 0 0 0 0 0 0 0 0 0 0 0 0 0 0 0 0 0 0 0 0 0 0 0 0 0 0 0 0 0 0 0 0 0 0 0 0 0 0 0 0 0 0 0 0 0 0 0 0 0 0 0 0 0 0 0 0 0]
[19 28 40 21 22 48 25 23 26 128 65 63 66 62 68 35 60 29 72 37]
[1 2 3 4 4 5 5 6 5 6 6 7 6 7 7 7 6 7 7 8 7 8 8 8 7 8 8 0 8 9 8 8 7 8 8 9 8 9 0 0 8 0 0 0 0 0 0 0 8 0 0 0 0 0 0 0 0 0 0 0 9 0 9 9 8 9 9 0 9 0 0 0 9 0 0 0 0 0 0 0 0 0 0 0 0 0 0 0 0 0 0 0 0 0 0 0 0 0 0 0 0 0 0 0 0 0 0 0 0 0 0 0 0 0 0 0 0 0 0 0 0 0 0 0 0 0 0 0 9 0 0 0 0 0 0 0 0 0 0 0 0 0 0 0 0 0 0 0 0 0 0 0 0 0 0 0 0 0 0 0 0 0 0 0 0 0 0 0 0 0 0 0 0 0 0 0 0 0 0 0 0 0 0 0 0 0 0 0 0 0 0 0 0 0 0 0 0 0 0 0 0]
[28 40 21 22 48 25 23 26 128 65 63 66 62 68 35 60 29 72 37 38]
[1 2 3 4 4 5 5 6 5 6 6 7 6 7 7 7 6 7 7 8 7 8 8 8 7 8 8 0 8 9 8 8 7 8 8 9 8 9 9 0 8 0 0 0 0 0 0 0 8 0 0 0 0 0 0 0 0 0 0 0 9 0 9 9 8 9 9 0 9 0 0 0 9 0 0 0 0 0 0 0 0 0 0 0 0 0 0 0 0 0 0 0 0 0 0 0 0 0 0 0 0 0 0 0 0 0 0 0 0 0 0 0 0 0 0 0 0 0 0 0 0 0 0 0 0 0 0 0 9 0 0 0 0 0 0 0 0 0 0 0 0 0 0 0 0 0 0 0 0 0 0 0 0 0 0 0 0 0 0 0 0 0 0 0 0 0 0 0 0 0 0 0 0 0 0 0 0 0 0 0 0 0 0 0 0 0 0 0 0 0 0 0 0 0 0 0 0 0 0 0 0]
[40 21 22 48 25 23 26 128 65 63 66 62 68 35 60 29 72 37 38 56 27]
[1 2 3 4 4 5 5 6 5 6 6 7 6 7 7 7 6 7 7 8 7 8 8 8 7 8 8 9 8 9 8 8 7 8 8 9 8 9 9 0 8 0 0 0 0 0 0 0 8 0 0 0 0 0 0 0 9 0 0 0 9 0 9 9 8 9 9 0 9 0 0 0 9 0 0 0 0 0 0 0 0 0 0 0 0 0 0 0 0 0 0 0 0 0 0 0 0 0 0 0 0 0 0 0 0 0 0 0 0 0 0 0 0 0 0 0 0 0 0 0 0 0 0 0 0 0 0 0 9 0 0 0 0 0 0 0 0 0 0 0 0 0 0 0 0 0 0 0 0 0 0 0 0 0 0 0 0 0 0 0 0 0 0 0 0 0 0 0 0 0 0 0 0 0 0 0 0 0 0 0 0 0 0 0 0 0 0 0 0 0 0 0 0 0 0 0 0 0 0 0 0]
[21 22 48 25 23 26 128 65 63 66 62 68 35 60 29 72 37 38 56 27 80 41 39]
[1 2 3 4 4 5 5 6 5 6 6 7 6 7 7 7 6 7 7 8 7 8 8 8 7 8 8 9 8 9 8 8 7 8 8 9 8 9 9 9 8 9 0 0 0 0 0 0 8 0 0 0 0 0 0 0 9 0 0 0 9 0 9 9 8 9 9 0 9 0 0 0 9 0 0 0 0 0 0 0 9 0 0 0 0 0 0 0 0 0 0 0 0 0 0 0 0 0 0 0 0 0 0 0 0 0 0 0 0 0 0 0 0 0 0 0 0 0 0 0 0 0 0 0 0 0 0 0 9 0 0 0 0 0 0 0 0 0 0 0 0 0 0 0 0 0 0 0 0 0 0 0 0 0 0 0 0 0 0 0 0 0 0 0 0 0 0 0 0 0 0 0 0 0 0 0 0 0 0 0 0 0 0 0 0 0 0 0 0 0 0 0 0 0 0 0 0 0 0 0 0]
[22 48 25 23 26 128 65 63 66 62 68 35 60 29 72 37 38 56 27 80 41 39 42]
[1 2 3 4 4 5 5 6 5 6 6 7 6 7 7 7 6 7 7 8 7 8 8 8 7 8 8 9 8 9 8 8 7 8 8 9 8 9 9 9 8 9 9 0 0 0 0 0 8 0 0 0 0 0 0 0 9 0 0 0 9 0 9 9 8 9 9 0 9 0 0 0 9 0 0 0 0 0 0 0 9 0 0 0 0 0 0 0 0 0 0 0 0 0 0 0 0 0 0 0 0 0 0 0 0 0 0 0 0 0 0 0 0 0 0 0 0 0 0 0 0 0 0 0 0 0 0 0 9 0 0 0 0 0 0 0 0 0 0 0 0 0 0 0 0 0 0 0 0 0 0 0 0 0 0 0 0 0 0 0 0 0 0 0 0 0 0 0 0 0 0 0 0 0 0 0 0 0 0 0 0 0 0 0 0 0 0 0 0 0 0 0 0 0 0 0 0 0 0 0 0]
[48 25 23 26 128 65 63 66 62 68 35 60 29 72 37 38 56 27 80 41 39 42 44]
[1 2 3 4 4 5 5 6 5 6 6 7 6 7 7 7 6 7 7 8 7 8 8 8 7 8 8 9 8 9 8 8 7 8 8 9 8 9 9 9 8 9 9 0 9 0 0 0 8 0 0 0 0 0 0 0 9 0 0 0 9 0 9 9 8 9 9 0 9 0 0 0 9 0 0 0 0 0 0 0 9 0 0 0 0 0 0 0 0 0 0 0 0 0 0 0 0 0 0 0 0 0 0 0 0 0 0 0 0 0 0 0 0 0 0 0 0 0 0 0 0 0 0 0 0 0 0 0 9 0 0 0 0 0 0 0 0 0 0 0 0 0 0 0 0 0 0 0 0 0 0 0 0 0 0 0 0 0 0 0 0 0 0 0 0 0 0 0 0 0 0 0 0 0 0 0 0 0 0 0 0 0 0 0 0 0 0 0 0 0 0 0 0 0 0 0 0 0 0 0 0]
[25 23 26 128 65 63 66 62 68 35 60 29 72 37 38 56 27 80 41 39 42 44 96 49 47]
[1 2 3 4 4 5 5 6 5 6 6 7 6 7 7 7 6 7 7 8 7 8 8 8 7 8 8 9 8 9 8 8 7 8 8 9 8 9 9 9 8 9 9 0 9 0 0 9 8 9 0 0 0 0 0 0 9 0 0 0 9 0 9 9 8 9 9 0 9 0 0 0 9 0 0 0 0 0 0 0 9 0 0 0 0 0 0 0 0 0 0 0 0 0 0 0 9 0 0 0 0 0 0 0 0 0 0 0 0 0 0 0 0 0 0 0 0 0 0 0 0 0 0 0 0 0 0 0 9 0 0 0 0 0 0 0 0 0 0 0 0 0 0 0 0 0 0 0 0 0 0 0 0 0 0 0 0 0 0 0 0 0 0 0 0 0 0 0 0 0 0 0 0 0 0 0 0 0 0 0 0 0 0 0 0 0 0 0 0 0 0 0 0 0 0 0 0 0 0 0 0]
[23 26 128 65 63 66 62 68 35 60 29 72 37 38 56 27 80 41 39 42 44 96 49 47 50]
[1 2 3 4 4 5 5 6 5 6 6 7 6 7 7 7 6 7 7 8 7 8 8 8 7 8 8 9 8 9 8 8 7 8 8 9 8 9 9 9 8 9 9 0 9 0 0 9 8 9 9 0 0 0 0 0 9 0 0 0 9 0 9 9 8 9 9 0 9 0 0 0 9 0 0 0 0 0 0 0 9 0 0 0 0 0 0 0 0 0 0 0 0 0 0 0 9 0 0 0 0 0 0 0 0 0 0 0 0 0 0 0 0 0 0 0 0 0 0 0 0 0 0 0 0 0 0 0 9 0 0 0 0 0 0 0 0 0 0 0 0 0 0 0 0 0 0 0 0 0 0 0 0 0 0 0 0 0 0 0 0 0 0 0 0 0 0 0 0 0 0 0 0 0 0 0 0 0 0 0 0 0 0 0 0 0 0 0 0 0 0 0 0 0 0 0 0 0 0 0 0]
[26 128 65 63 66 62 68 35 60 29 72 37 38 56 27 80 41 39 42 44 96 49 47 50 46]
[1 2 3 4 4 5 5 6 5 6 6 7 6 7 7 7 6 7 7 8 7 8 8 8 7 8 8 9 8 9 8 8 7 8 8 9 8 9 9 9 8 9 9 0 9 0 9 9 8 9 9 0 0 0 0 0 9 0 0 0 9 0 9 9 8 9 9 0 9 0 0 0 9 0 0 0 0 0 0 0 9 0 0 0 0 0 0 0 0 0 0 0 0 0 0 0 9 0 0 0 0 0 0 0 0 0 0 0 0 0 0 0 0 0 0 0 0 0 0 0 0 0 0 0 0 0 0 0 9 0 0 0 0 0 0 0 0 0 0 0 0 0 0 0 0 0 0 0 0 0 0 0 0 0 0 0 0 0 0 0 0 0 0 0 0 0 0 0 0 0 0 0 0 0 0 0 0 0 0 0 0 0 0 0 0 0 0 0 0 0 0 0 0 0 0 0 0 0 0 0 0]
[128 65 63 66 62 68 35 60 29 72 37 38 56 27 80 41 39 42 44 96 49 47 50 46 52]
[1 2 3 4 4 5 5 6 5 6 6 7 6 7 7 7 6 7 7 8 7 8 8 8 7 8 8 9 8 9 8 8 7 8 8 9 8 9 9 9 8 9 9 0 9 0 9 9 8 9 9 0 9 0 0 0 9 0 0 0 9 0 9 9 8 9 9 0 9 0 0 0 9 0 0 0 0 0 0 0 9 0 0 0 0 0 0 0 0 0 0 0 0 0 0 0 9 0 0 0 0 0 0 0 0 0 0 0 0 0 0 0 0 0 0 0 0 0 0 0 0 0 0 0 0 0 0 0 9 0 0 0 0 0 0 0 0 0 0 0 0 0 0 0 0 0 0 0 0 0 0 0 0 0 0 0 0 0 0 0 0 0 0 0 0 0 0 0 0 0 0 0 0 0 0 0 0 0 0 0 0 0 0 0 0 0 0 0 0 0 0 0 0 0 0 0 0 0 0 0 0]
[65 63 66 62 68 35 60 29 72 37 38 56 27 80 41 39 42 44 96 49 47 50 46 52 129 127]
[1 2 3 4 4 5 5 6 5 6 6 7 6 7 7 7 6 7 7 8 7 8 8 8 7 8 8 9 8 9 8 8 7 8 8 9 8 9 9 9 8 9 9 0 9 0 9 9 8 9 9 0 9 0 0 0 9 0 0 0 9 0 9 9 8 9 9 0 9 0 0 0 9 0 0 0 0 0 0 0 9 0 0 0 0 0 0 0 0 0 0 0 0 0 0 0 9 0 0 0 0 0 0 0 0 0 0 0 0 0 0 0 0 0 0 0 0 0 0 0 0 0 0 0 0 0 0 10 9 10 0 0 0 0 0 0 0 0 0 0 0 0 0 0 0 0 0 0 0 0 0 0 0 0 0 0 0 0 0 0 0 0 0 0 0 0 0 0 0 0 0 0 0 0 0 0 0 0 0 0 0 0 0 0 0 0 0 0 0 0 0 0 0 0 0 0 0 0 0 0 0]
[63 66 62 68 35 60 29 72 37 38 56 27 80 41 39 42 44 96 49 47 50 46 52 129 127 130]
[1 2 3 4 4 5 5 6 5 6 6 7 6 7 7 7 6 7 7 8 7 8 8 8 7 8 8 9 8 9 8 8 7 8 8 9 8 9 9 9 8 9 9 0 9 0 9 9 8 9 9 0 9 0 0 0 9 0 0 0 9 0 9 9 8 9 9 0 9 0 0 0 9 0 0 0 0 0 0 0 9 0 0 0 0 0 0 0 0 0 0 0 0 0 0 0 9 0 0 0 0 0 0 0 0 0 0 0 0 0 0 0 0 0 0 0 0 0 0 0 0 0 0 0 0 0 0 10 9 10 10 0 0 0 0 0 0 0 0 0 0 0 0 0 0 0 0 0 0 0 0 0 0 0 0 0 0 0 0 0 0 0 0 0 0 0 0 0 0 0 0 0 0 0 0 0 0 0 0 0 0 0 0 0 0 0 0 0 0 0 0 0 0 0 0 0 0 0 0 0 0]
[66 62 68 35 60 29 72 37 38 56 27 80 41 39 42 44 96 49 47 50 46 52 129 127 130 126]
[1 2 3 4 4 5 5 6 5 6 6 7 6 7 7 7 6 7 7 8 7 8 8 8 7 8 8 9 8 9 8 8 7 8 8 9 8 9 9 9 8 9 9 0 9 0 9 9 8 9 9 0 9 0 0 0 9 0 0 0 9 0 9 9 8 9 9 0 9 0 0 0 9 0 0 0 0 0 0 0 9 0 0 0 0 0 0 0 0 0 0 0 0 0 0 0 9 0 0 0 0 0 0 0 0 0 0 0 0 0 0 0 0 0 0 0 0 0 0 0 0 0 0 0 0 0 10 10 9 10 10 0 0 0 0 0 0 0 0 0 0 0 0 0 0 0 0 0 0 0 0 0 0 0 0 0 0 0 0 0 0 0 0 0 0 0 0 0 0 0 0 0 0 0 0 0 0 0 0 0 0 0 0 0 0 0 0 0 0 0 0 0 0 0 0 0 0 0 0 0 0]
[62 68 35 60 29 72 37 38 56 27 80 41 39 42 44 96 49 47 50 46 52 129 127 130 126 132 67]
[1 2 3 4 4 5 5 6 5 6 6 7 6 7 7 7 6 7 7 8 7 8 8 8 7 8 8 9 8 9 8 8 7 8 8 9 8 9 9 9 8 9 9 0 9 0 9 9 8 9 9 0 9 0 0 0 9 0 0 0 9 0 9 9 8 9 9 10 9 0 0 0 9 0 0 0 0 0 0 0 9 0 0 0 0 0 0 0 0 0 0 0 0 0 0 0 9 0 0 0 0 0 0 0 0 0 0 0 0 0 0 0 0 0 0 0 0 0 0 0 0 0 0 0 0 0 10 10 9 10 10 0 10 0 0 0 0 0 0 0 0 0 0 0 0 0 0 0 0 0 0 0 0 0 0 0 0 0 0 0 0 0 0 0 0 0 0 0 0 0 0 0 0 0 0 0 0 0 0 0 0 0 0 0 0 0 0 0 0 0 0 0 0 0 0 0 0 0 0 0 0]
[68 35 60 29 72 37 38 56 27 80 41 39 42 44 96 49 47 50 46 52 129 127 130 126 132 67 124 61]
[1 2 3 4 4 5 5 6 5 6 6 7 6 7 7 7 6 7 7 8 7 8 8 8 7 8 8 9 8 9 8 8 7 8 8 9 8 9 9 9 8 9 9 0 9 0 9 9 8 9 9 0 9 0 0 0 9 0 0 0 9 10 9 9 8 9 9 10 9 0 0 0 9 0 0 0 0 0 0 0 9 0 0 0 0 0 0 0 0 0 0 0 0 0 0 0 9 0 0 0 0 0 0 0 0 0 0 0 0 0 0 0 0 0 0 0 0 0 0 0 0 0 0 0 10 0 10 10 9 10 10 0 10 0 0 0 0 0 0 0 0 0 0 0 0 0 0 0 0 0 0 0 0 0 0 0 0 0 0 0 0 0 0 0 0 0 0 0 0 0 0 0 0 0 0 0 0 0 0 0 0 0 0 0 0 0 0 0 0 0 0 0 0 0 0 0 0 0 0 0 0]
[35 60 29 72 37 38 56 27 80 41 39 42 44 96 49 47 50 46 52 129 127 130 126 132 67 124 61 136 69]
[1 2 3 4 4 5 5 6 5 6 6 7 6 7 7 7 6 7 7 8 7 8 8 8 7 8 8 9 8 9 8 8 7 8 8 9 8 9 9 9 8 9 9 0 9 0 9 9 8 9 9 0 9 0 0 0 9 0 0 0 9 10 9 9 8 9 9 10 9 10 0 0 9 0 0 0 0 0 0 0 9 0 0 0 0 0 0 0 0 0 0 0 0 0 0 0 9 0 0 0 0 0 0 0 0 0 0 0 0 0 0 0 0 0 0 0 0 0 0 0 0 0 0 0 10 0 10 10 9 10 10 0 10 0 0 0 10 0 0 0 0 0 0 0 0 0 0 0 0 0 0 0 0 0 0 0 0 0 0 0 0 0 0 0 0 0 0 0 0 0 0 0 0 0 0 0 0 0 0 0 0 0 0 0 0 0 0 0 0 0 0 0 0 0 0 0 0 0 0 0 0]
[60 29 72 37 38 56 27 80 41 39 42 44 96 49 47 50 46 52 129 127 130 126 132 67 124 61 136 69 70]
[1 2 3 4 4 5 5 6 5 6 6 7 6 7 7 7 6 7 7 8 7 8 8 8 7 8 8 9 8 9 8 8 7 8 8 9 8 9 9 9 8 9 9 0 9 0 9 9 8 9 9 0 9 0 0 0 9 0 0 0 9 10 9 9 8 9 9 10 9 10 10 0 9 0 0 0 0 0 0 0 9 0 0 0 0 0 0 0 0 0 0 0 0 0 0 0 9 0 0 0 0 0 0 0 0 0 0 0 0 0 0 0 0 0 0 0 0 0 0 0 0 0 0 0 10 0 10 10 9 10 10 0 10 0 0 0 10 0 0 0 0 0 0 0 0 0 0 0 0 0 0 0 0 0 0 0 0 0 0 0 0 0 0 0 0 0 0 0 0 0 0 0 0 0 0 0 0 0 0 0 0 0 0 0 0 0 0 0 0 0 0 0 0 0 0 0 0 0 0 0 0]
[29 72 37 38 56 27 80 41 39 42 44 96 49 47 50 46 52 129 127 130 126 132 67 124 61 136 69 70 120 59]
[1 2 3 4 4 5 5 6 5 6 6 7 6 7 7 7 6 7 7 8 7 8 8 8 7 8 8 9 8 9 8 8 7 8 8 9 8 9 9 9 8 9 9 0 9 0 9 9 8 9 9 0 9 0 0 0 9 0 0 10 9 10 9 9 8 9 9 10 9 10 10 0 9 0 0 0 0 0 0 0 9 0 0 0 0 0 0 0 0 0 0 0 0 0 0 0 9 0 0 0 0 0 0 0 0 0 0 0 0 0 0 0 0 0 0 0 0 0 0 0 10 0 0 0 10 0 10 10 9 10 10 0 10 0 0 0 10 0 0 0 0 0 0 0 0 0 0 0 0 0 0 0 0 0 0 0 0 0 0 0 0 0 0 0 0 0 0 0 0 0 0 0 0 0 0 0 0 0 0 0 0 0 0 0 0 0 0 0 0 0 0 0 0 0 0 0 0 0 0 0 0]
[72 37 38 56 27 80 41 39 42 44 96 49 47 50 46 52 129 127 130 126 132 67 124 61 136 69 70 120 59 58]
[1 2 3 4 4 5 5 6 5 6 6 7 6 7 7 7 6 7 7 8 7 8 8 8 7 8 8 9 8 9 8 8 7 8 8 9 8 9 9 9 8 9 9 0 9 0 9 9 8 9 9 0 9 0 0 0 9 0 10 10 9 10 9 9 8 9 9 10 9 10 10 0 9 0 0 0 0 0 0 0 9 0 0 0 0 0 0 0 0 0 0 0 0 0 0 0 9 0 0 0 0 0 0 0 0 0 0 0 0 0 0 0 0 0 0 0 0 0 0 0 10 0 0 0 10 0 10 10 9 10 10 0 10 0 0 0 10 0 0 0 0 0 0 0 0 0 0 0 0 0 0 0 0 0 0 0 0 0 0 0 0 0 0 0 0 0 0 0 0 0 0 0 0 0 0 0 0 0 0 0 0 0 0 0 0 0 0 0 0 0 0 0 0 0 0 0 0 0 0 0 0]
[37 38 56 27 80 41 39 42 44 96 49 47 50 46 52 129 127 130 126 132 67 124 61 136 69 70 120 59 58 144 73 71]
[1 2 3 4 4 5 5 6 5 6 6 7 6 7 7 7 6 7 7 8 7 8 8 8 7 8 8 9 8 9 8 8 7 8 8 9 8 9 9 9 8 9 9 0 9 0 9 9 8 9 9 0 9 0 0 0 9 0 10 10 9 10 9 9 8 9 9 10 9 10 10 10 9 10 0 0 0 0 0 0 9 0 0 0 0 0 0 0 0 0 0 0 0 0 0 0 9 0 0 0 0 0 0 0 0 0 0 0 0 0 0 0 0 0 0 0 0 0 0 0 10 0 0 0 10 0 10 10 9 10 10 0 10 0 0 0 10 0 0 0 0 0 0 0 10 0 0 0 0 0 0 0 0 0 0 0 0 0 0 0 0 0 0 0 0 0 0 0 0 0 0 0 0 0 0 0 0 0 0 0 0 0 0 0 0 0 0 0 0 0 0 0 0 0 0 0 0 0 0 0 0]
[38 56 27 80 41 39 42 44 96 49 47 50 46 52 129 127 130 126 132 67 124 61 136 69 70 120 59 58 144 73 71 74]
[1 2 3 4 4 5 5 6 5 6 6 7 6 7 7 7 6 7 7 8 7 8 8 8 7 8 8 9 8 9 8 8 7 8 8 9 8 9 9 9 8 9 9 0 9 0 9 9 8 9 9 0 9 0 0 0 9 0 10 10 9 10 9 9 8 9 9 10 9 10 10 10 9 10 10 0 0 0 0 0 9 0 0 0 0 0 0 0 0 0 0 0 0 0 0 0 9 0 0 0 0 0 0 0 0 0 0 0 0 0 0 0 0 0 0 0 0 0 0 0 10 0 0 0 10 0 10 10 9 10 10 0 10 0 0 0 10 0 0 0 0 0 0 0 10 0 0 0 0 0 0 0 0 0 0 0 0 0 0 0 0 0 0 0 0 0 0 0 0 0 0 0 0 0 0 0 0 0 0 0 0 0 0 0 0 0 0 0 0 0 0 0 0 0 0 0 0 0 0 0 0]
[56 27 80 41 39 42 44 96 49 47 50 46 52 129 127 130 126 132 67 124 61 136 69 70 120 59 58 144 73 71 74 76]
[1 2 3 4 4 5 5 6 5 6 6 7 6 7 7 7 6 7 7 8 7 8 8 8 7 8 8 9 8 9 8 8 7 8 8 9 8 9 9 9 8 9 9 0 9 0 9 9 8 9 9 0 9 0 0 0 9 0 10 10 9 10 9 9 8 9 9 10 9 10 10 10 9 10 10 0 10 0 0 0 9 0 0 0 0 0 0 0 0 0 0 0 0 0 0 0 9 0 0 0 0 0 0 0 0 0 0 0 0 0 0 0 0 0 0 0 0 0 0 0 10 0 0 0 10 0 10 10 9 10 10 0 10 0 0 0 10 0 0 0 0 0 0 0 10 0 0 0 0 0 0 0 0 0 0 0 0 0 0 0 0 0 0 0 0 0 0 0 0 0 0 0 0 0 0 0 0 0 0 0 0 0 0 0 0 0 0 0 0 0 0 0 0 0 0 0 0 0 0 0 0]
[27 80 41 39 42 44 96 49 47 50 46 52 129 127 130 126 132 67 124 61 136 69 70 120 59 58 144 73 71 74 76 112 57 55]
[1 2 3 4 4 5 5 6 5 6 6 7 6 7 7 7 6 7 7 8 7 8 8 8 7 8 8 9 8 9 8 8 7 8 8 9 8 9 9 9 8 9 9 0 9 0 9 9 8 9 9 0 9 0 0 10 9 10 10 10 9 10 9 9 8 9 9 10 9 10 10 10 9 10 10 0 10 0 0 0 9 0 0 0 0 0 0 0 0 0 0 0 0 0 0 0 9 0 0 0 0 0 0 0 0 0 0 0 0 0 0 0 10 0 0 0 0 0 0 0 10 0 0 0 10 0 10 10 9 10 10 0 10 0 0 0 10 0 0 0 0 0 0 0 10 0 0 0 0 0 0 0 0 0 0 0 0 0 0 0 0 0 0 0 0 0 0 0 0 0 0 0 0 0 0 0 0 0 0 0 0 0 0 0 0 0 0 0 0 0 0 0 0 0 0 0 0 0 0 0 0]
[80 41 39 42 44 96 49 47 50 46 52 129 127 130 126 132 67 124 61 136 69 70 120 59 58 144 73 71 74 76 112 57 55 54]
[1 2 3 4 4 5 5 6 5 6 6 7 6 7 7 7 6 7 7 8 7 8 8 8 7 8 8 9 8 9 8 8 7 8 8 9 8 9 9 9 8 9 9 0 9 0 9 9 8 9 9 0 9 0 10 10 9 10 10 10 9 10 9 9 8 9 9 10 9 10 10 10 9 10 10 0 10 0 0 0 9 0 0 0 0 0 0 0 0 0 0 0 0 0 0 0 9 0 0 0 0 0 0 0 0 0 0 0 0 0 0 0 10 0 0 0 0 0 0 0 10 0 0 0 10 0 10 10 9 10 10 0 10 0 0 0 10 0 0 0 0 0 0 0 10 0 0 0 0 0 0 0 0 0 0 0 0 0 0 0 0 0 0 0 0 0 0 0 0 0 0 0 0 0 0 0 0 0 0 0 0 0 0 0 0 0 0 0 0 0 0 0 0 0 0 0 0 0 0 0 0]
[41 39 42 44 96 49 47 50 46 52 129 127 130 126 132 67 124 61 136 69 70 120 59 58 144 73 71 74 76 112 57 55 54 160 81 79]
[1 2 3 4 4 5 5 6 5 6 6 7 6 7 7 7 6 7 7 8 7 8 8 8 7 8 8 9 8 9 8 8 7 8 8 9 8 9 9 9 8 9 9 0 9 0 9 9 8 9 9 0 9 0 10 10 9 10 10 10 9 10 9 9 8 9 9 10 9 10 10 10 9 10 10 0 10 0 0 10 9 10 0 0 0 0 0 0 0 0 0 0 0 0 0 0 9 0 0 0 0 0 0 0 0 0 0 0 0 0 0 0 10 0 0 0 0 0 0 0 10 0 0 0 10 0 10 10 9 10 10 0 10 0 0 0 10 0 0 0 0 0 0 0 10 0 0 0 0 0 0 0 0 0 0 0 0 0 0 0 10 0 0 0 0 0 0 0 0 0 0 0 0 0 0 0 0 0 0 0 0 0 0 0 0 0 0 0 0 0 0 0 0 0 0 0 0 0 0 0 0]
[39 42 44 96 49 47 50 46 52 129 127 130 126 132 67 124 61 136 69 70 120 59 58 144 73 71 74 76 112 57 55 54 160 81 79 82]
[1 2 3 4 4 5 5 6 5 6 6 7 6 7 7 7 6 7 7 8 7 8 8 8 7 8 8 9 8 9 8 8 7 8 8 9 8 9 9 9 8 9 9 0 9 0 9 9 8 9 9 0 9 0 10 10 9 10 10 10 9 10 9 9 8 9 9 10 9 10 10 10 9 10 10 0 10 0 0 10 9 10 10 0 0 0 0 0 0 0 0 0 0 0 0 0 9 0 0 0 0 0 0 0 0 0 0 0 0 0 0 0 10 0 0 0 0 0 0 0 10 0 0 0 10 0 10 10 9 10 10 0 10 0 0 0 10 0 0 0 0 0 0 0 10 0 0 0 0 0 0 0 0 0 0 0 0 0 0 0 10 0 0 0 0 0 0 0 0 0 0 0 0 0 0 0 0 0 0 0 0 0 0 0 0 0 0 0 0 0 0 0 0 0 0 0 0 0 0 0 0]
[42 44 96 49 47 50 46 52 129 127 130 126 132 67 124 61 136 69 70 120 59 58 144 73 71 74 76 112 57 55 54 160 81 79 82 78]
[1 2 3 4 4 5 5 6 5 6 6 7 6 7 7 7 6 7 7 8 7 8 8 8 7 8 8 9 8 9 8 8 7 8 8 9 8 9 9 9 8 9 9 0 9 0 9 9 8 9 9 0 9 0 10 10 9 10 10 10 9 10 9 9 8 9 9 10 9 10 10 10 9 10 10 0 10 0 10 10 9 10 10 0 0 0 0 0 0 0 0 0 0 0 0 0 9 0 0 0 0 0 0 0 0 0 0 0 0 0 0 0 10 0 0 0 0 0 0 0 10 0 0 0 10 0 10 10 9 10 10 0 10 0 0 0 10 0 0 0 0 0 0 0 10 0 0 0 0 0 0 0 0 0 0 0 0 0 0 0 10 0 0 0 0 0 0 0 0 0 0 0 0 0 0 0 0 0 0 0 0 0 0 0 0 0 0 0 0 0 0 0 0 0 0 0 0 0 0 0 0]
[44 96 49 47 50 46 52 129 127 130 126 132 67 124 61 136 69 70 120 59 58 144 73 71 74 76 112 57 55 54 160 81 79 82 78 84 43]
[1 2 3 4 4 5 5 6 5 6 6 7 6 7 7 7 6 7 7 8 7 8 8 8 7 8 8 9 8 9 8 8 7 8 8 9 8 9 9 9 8 9 9 10 9 0 9 9 8 9 9 0 9 0 10 10 9 10 10 10 9 10 9 9 8 9 9 10 9 10 10 10 9 10 10 0 10 0 10 10 9 10 10 0 10 0 0 0 0 0 0 0 0 0 0 0 9 0 0 0 0 0 0 0 0 0 0 0 0 0 0 0 10 0 0 0 0 0 0 0 10 0 0 0 10 0 10 10 9 10 10 0 10 0 0 0 10 0 0 0 0 0 0 0 10 0 0 0 0 0 0 0 0 0 0 0 0 0 0 0 10 0 0 0 0 0 0 0 0 0 0 0 0 0 0 0 0 0 0 0 0 0 0 0 0 0 0 0 0 0 0 0 0 0 0 0 0 0 0 0 0]
[96 49 47 50 46 52 129 127 130 126 132 67 124 61 136 69 70 120 59 58 144 73 71 74 76 112 57 55 54 160 81 79 82 78 84 43 88 45]
[1 2 3 4 4 5 5 6 5 6 6 7 6 7 7 7 6 7 7 8 7 8 8 8 7 8 8 9 8 9 8 8 7 8 8 9 8 9 9 9 8 9 9 10 9 10 9 9 8 9 9 0 9 0 10 10 9 10 10 10 9 10 9 9 8 9 9 10 9 10 10 10 9 10 10 0 10 0 10 10 9 10 10 0 10 0 0 0 10 0 0 0 0 0 0 0 9 0 0 0 0 0 0 0 0 0 0 0 0 0 0 0 10 0 0 0 0 0 0 0 10 0 0 0 10 0 10 10 9 10 10 0 10 0 0 0 10 0 0 0 0 0 0 0 10 0 0 0 0 0 0 0 0 0 0 0 0 0 0 0 10 0 0 0 0 0 0 0 0 0 0 0 0 0 0 0 0 0 0 0 0 0 0 0 0 0 0 0 0 0 0 0 0 0 0 0 0 0 0 0 0]
[49 47 50 46 52 129 127 130 126 132 67 124 61 136 69 70 120 59 58 144 73 71 74 76 112 57 55 54 160 81 79 82 78 84 43 88 45 192 97 95]
[1 2 3 4 4 5 5 6 5 6 6 7 6 7 7 7 6 7 7 8 7 8 8 8 7 8 8 9 8 9 8 8 7 8 8 9 8 9 9 9 8 9 9 10 9 10 9 9 8 9 9 0 9 0 10 10 9 10 10 10 9 10 9 9 8 9 9 10 9 10 10 10 9 10 10 0 10 0 10 10 9 10 10 0 10 0 0 0 10 0 0 0 0 0 0 10 9 10 0 0 0 0 0 0 0 0 0 0 0 0 0 0 10 0 0 0 0 0 0 0 10 0 0 0 10 0 10 10 9 10 10 0 10 0 0 0 10 0 0 0 0 0 0 0 10 0 0 0 0 0 0 0 0 0 0 0 0 0 0 0 10 0 0 0 0 0 0 0 0 0 0 0 0 0 0 0 0 0 0 0 0 0 0 0 0 0 0 0 0 0 0 0 10 0 0 0 0 0 0 0 0]
[47 50 46 52 129 127 130 126 132 67 124 61 136 69 70 120 59 58 144 73 71 74 76 112 57 55 54 160 81 79 82 78 84 43 88 45 192 97 95 98]
[1 2 3 4 4 5 5 6 5 6 6 7 6 7 7 7 6 7 7 8 7 8 8 8 7 8 8 9 8 9 8 8 7 8 8 9 8 9 9 9 8 9 9 10 9 10 9 9 8 9 9 0 9 0 10 10 9 10 10 10 9 10 9 9 8 9 9 10 9 10 10 10 9 10 10 0 10 0 10 10 9 10 10 0 10 0 0 0 10 0 0 0 0 0 0 10 9 10 10 0 0 0 0 0 0 0 0 0 0 0 0 0 10 0 0 0 0 0 0 0 10 0 0 0 10 0 10 10 9 10 10 0 10 0 0 0 10 0 0 0 0 0 0 0 10 0 0 0 0 0 0 0 0 0 0 0 0 0 0 0 10 0 0 0 0 0 0 0 0 0 0 0 0 0 0 0 0 0 0 0 0 0 0 0 0 0 0 0 0 0 0 0 10 0 0 0 0 0 0 0 0]
[50 46 52 129 127 130 126 132 67 124 61 136 69 70 120 59 58 144 73 71 74 76 112 57 55 54 160 81 79 82 78 84 43 88 45 192 97 95 98 94]
[1 2 3 4 4 5 5 6 5 6 6 7 6 7 7 7 6 7 7 8 7 8 8 8 7 8 8 9 8 9 8 8 7 8 8 9 8 9 9 9 8 9 9 10 9 10 9 9 8 9 9 0 9 0 10 10 9 10 10 10 9 10 9 9 8 9 9 10 9 10 10 10 9 10 10 0 10 0 10 10 9 10 10 0 10 0 0 0 10 0 0 0 0 0 10 10 9 10 10 0 0 0 0 0 0 0 0 0 0 0 0 0 10 0 0 0 0 0 0 0 10 0 0 0 10 0 10 10 9 10 10 0 10 0 0 0 10 0 0 0 0 0 0 0 10 0 0 0 0 0 0 0 0 0 0 0 0 0 0 0 10 0 0 0 0 0 0 0 0 0 0 0 0 0 0 0 0 0 0 0 0 0 0 0 0 0 0 0 0 0 0 0 10 0 0 0 0 0 0 0 0]
[46 52 129 127 130 126 132 67 124 61 136 69 70 120 59 58 144 73 71 74 76 112 57 55 54 160 81 79 82 78 84 43 88 45 192 97 95 98 94 100 51]
[1 2 3 4 4 5 5 6 5 6 6 7 6 7 7 7 6 7 7 8 7 8 8 8 7 8 8 9 8 9 8 8 7 8 8 9 8 9 9 9 8 9 9 10 9 10 9 9 8 9 9 10 9 0 10 10 9 10 10 10 9 10 9 9 8 9 9 10 9 10 10 10 9 10 10 0 10 0 10 10 9 10 10 0 10 0 0 0 10 0 0 0 0 0 10 10 9 10 10 0 10 0 0 0 0 0 0 0 0 0 0 0 10 0 0 0 0 0 0 0 10 0 0 0 10 0 10 10 9 10 10 0 10 0 0 0 10 0 0 0 0 0 0 0 10 0 0 0 0 0 0 0 0 0 0 0 0 0 0 0 10 0 0 0 0 0 0 0 0 0 0 0 0 0 0 0 0 0 0 0 0 0 0 0 0 0 0 0 0 0 0 0 10 0 0 0 0 0 0 0 0]
[52 129 127 130 126 132 67 124 61 136 69 70 120 59 58 144 73 71 74 76 112 57 55 54 160 81 79 82 78 84 43 88 45 192 97 95 98 94 100 51 92]
[1 2 3 4 4 5 5 6 5 6 6 7 6 7 7 7 6 7 7 8 7 8 8 8 7 8 8 9 8 9 8 8 7 8 8 9 8 9 9 9 8 9 9 10 9 10 9 9 8 9 9 10 9 0 10 10 9 10 10 10 9 10 9 9 8 9 9 10 9 10 10 10 9 10 10 0 10 0 10 10 9 10 10 0 10 0 0 0 10 0 0 0 10 0 10 10 9 10 10 0 10 0 0 0 0 0 0 0 0 0 0 0 10 0 0 0 0 0 0 0 10 0 0 0 10 0 10 10 9 10 10 0 10 0 0 0 10 0 0 0 0 0 0 0 10 0 0 0 0 0 0 0 0 0 0 0 0 0 0 0 10 0 0 0 0 0 0 0 0 0 0 0 0 0 0 0 0 0 0 0 0 0 0 0 0 0 0 0 0 0 0 0 10 0 0 0 0 0 0 0 0]
[129 127 130 126 132 67 124 61 136 69 70 120 59 58 144 73 71 74 76 112 57 55 54 160 81 79 82 78 84 43 88 45 192 97 95 98 94 100 51 92 104 53]
[1 2 3 4 4 5 5 6 5 6 6 7 6 7 7 7 6 7 7 8 7 8 8 8 7 8 8 9 8 9 8 8 7 8 8 9 8 9 9 9 8 9 9 10 9 10 9 9 8 9 9 10 9 10 10 10 9 10 10 10 9 10 9 9 8 9 9 10 9 10 10 10 9 10 10 0 10 0 10 10 9 10 10 0 10 0 0 0 10 0 0 0 10 0 10 10 9 10 10 0 10 0 0 0 10 0 0 0 0 0 0 0 10 0 0 0 0 0 0 0 10 0 0 0 10 0 10 10 9 10 10 0 10 0 0 0 10 0 0 0 0 0 0 0 10 0 0 0 0 0 0 0 0 0 0 0 0 0 0 0 10 0 0 0 0 0 0 0 0 0 0 0 0 0 0 0 0 0 0 0 0 0 0 0 0 0 0 0 0 0 0 0 10 0 0 0 0 0 0 0 0]
[127 130 126 132 67 124 61 136 69 70 120 59 58 144 73 71 74 76 112 57 55 54 160 81 79 82 78 84 43 88 45 192 97 95 98 94 100 51 92 104 53]
[1 2 3 4 4 5 5 6 5 6 6 7 6 7 7 7 6 7 7 8 7 8 8 8 7 8 8 9 8 9 8 8 7 8 8 9 8 9 9 9 8 9 9 10 9 10 9 9 8 9 9 10 9 10 10 10 9 10 10 10 9 10 9 9 8 9 9 10 9 10 10 10 9 10 10 0 10 0 10 10 9 10 10 0 10 0 0 0 10 0 0 0 10 0 10 10 9 10 10 0 10 0 0 0 10 0 0 0 0 0 0 0 10 0 0 0 0 0 0 0 10 0 0 0 10 0 10 10 9 10 10 0 10 0 0 0 10 0 0 0 0 0 0 0 10 0 0 0 0 0 0 0 0 0 0 0 0 0 0 0 10 0 0 0 0 0 0 0 0 0 0 0 0 0 0 0 0 0 0 0 0 0 0 0 0 0 0 0 0 0 0 0 10 0 0 0 0 0 0 0 0]
[130 126 132 67 124 61 136 69 70 120 59 58 144 73 71 74 76 112 57 55 54 160 81 79 82 78 84 43 88 45 192 97 95 98 94 100 51 92 104 53]
[1 2 3 4 4 5 5 6 5 6 6 7 6 7 7 7 6 7 7 8 7 8 8 8 7 8 8 9 8 9 8 8 7 8 8 9 8 9 9 9 8 9 9 10 9 10 9 9 8 9 9 10 9 10 10 10 9 10 10 10 9 10 9 9 8 9 9 10 9 10 10 10 9 10 10 0 10 0 10 10 9 10 10 0 10 0 0 0 10 0 0 0 10 0 10 10 9 10 10 0 10 0 0 0 10 0 0 0 0 0 0 0 10 0 0 0 0 0 0 0 10 0 0 0 10 0 10 10 9 10 10 0 10 0 0 0 10 0 0 0 0 0 0 0 10 0 0 0 0 0 0 0 0 0 0 0 0 0 0 0 10 0 0 0 0 0 0 0 0 0 0 0 0 0 0 0 0 0 0 0 0 0 0 0 0 0 0 0 0 0 0 0 10 0 0 0 0 0 0 0 0]
[126 132 67 124 61 136 69 70 120 59 58 144 73 71 74 76 112 57 55 54 160 81 79 82 78 84 43 88 45 192 97 95 98 94 100 51 92 104 53 131]
[1 2 3 4 4 5 5 6 5 6 6 7 6 7 7 7 6 7 7 8 7 8 8 8 7 8 8 9 8 9 8 8 7 8 8 9 8 9 9 9 8 9 9 10 9 10 9 9 8 9 9 10 9 10 10 10 9 10 10 10 9 10 9 9 8 9 9 10 9 10 10 10 9 10 10 0 10 0 10 10 9 10 10 0 10 0 0 0 10 0 0 0 10 0 10 10 9 10 10 0 10 0 0 0 10 0 0 0 0 0 0 0 10 0 0 0 0 0 0 0 10 0 0 0 10 0 10 10 9 10 10 11 10 0 0 0 10 0 0 0 0 0 0 0 10 0 0 0 0 0 0 0 0 0 0 0 0 0 0 0 10 0 0 0 0 0 0 0 0 0 0 0 0 0 0 0 0 0 0 0 0 0 0 0 0 0 0 0 0 0 0 0 10 0 0 0 0 0 0 0 0]
[132 67 124 61 136 69 70 120 59 58 144 73 71 74 76 112 57 55 54 160 81 79 82 78 84 43 88 45 192 97 95 98 94 100 51 92 104 53 131 125]
[1 2 3 4 4 5 5 6 5 6 6 7 6 7 7 7 6 7 7 8 7 8 8 8 7 8 8 9 8 9 8 8 7 8 8 9 8 9 9 9 8 9 9 10 9 10 9 9 8 9 9 10 9 10 10 10 9 10 10 10 9 10 9 9 8 9 9 10 9 10 10 10 9 10 10 0 10 0 10 10 9 10 10 0 10 0 0 0 10 0 0 0 10 0 10 10 9 10 10 0 10 0 0 0 10 0 0 0 0 0 0 0 10 0 0 0 0 0 0 0 10 0 0 0 10 11 10 10 9 10 10 11 10 0 0 0 10 0 0 0 0 0 0 0 10 0 0 0 0 0 0 0 0 0 0 0 0 0 0 0 10 0 0 0 0 0 0 0 0 0 0 0 0 0 0 0 0 0 0 0 0 0 0 0 0 0 0 0 0 0 0 0 10 0 0 0 0 0 0 0 0]
[67 124 61 136 69 70 120 59 58 144 73 71 74 76 112 57 55 54 160 81 79 82 78 84 43 88 45 192 97 95 98 94 100 51 92 104 53 131 125 133]
[1 2 3 4 4 5 5 6 5 6 6 7 6 7 7 7 6 7 7 8 7 8 8 8 7 8 8 9 8 9 8 8 7 8 8 9 8 9 9 9 8 9 9 10 9 10 9 9 8 9 9 10 9 10 10 10 9 10 10 10 9 10 9 9 8 9 9 10 9 10 10 10 9 10 10 0 10 0 10 10 9 10 10 0 10 0 0 0 10 0 0 0 10 0 10 10 9 10 10 0 10 0 0 0 10 0 0 0 0 0 0 0 10 0 0 0 0 0 0 0 10 0 0 0 10 11 10 10 9 10 10 11 10 11 0 0 10 0 0 0 0 0 0 0 10 0 0 0 0 0 0 0 0 0 0 0 0 0 0 0 10 0 0 0 0 0 0 0 0 0 0 0 0 0 0 0 0 0 0 0 0 0 0 0 0 0 0 0 0 0 0 0 10 0 0 0 0 0 0 0 0]
[124 61 136 69 70 120 59 58 144 73 71 74 76 112 57 55 54 160 81 79 82 78 84 43 88 45 192 97 95 98 94 100 51 92 104 53 131 125 133 134]
[1 2 3 4 4 5 5 6 5 6 6 7 6 7 7 7 6 7 7 8 7 8 8 8 7 8 8 9 8 9 8 8 7 8 8 9 8 9 9 9 8 9 9 10 9 10 9 9 8 9 9 10 9 10 10 10 9 10 10 10 9 10 9 9 8 9 9 10 9 10 10 10 9 10 10 0 10 0 10 10 9 10 10 0 10 0 0 0 10 0 0 0 10 0 10 10 9 10 10 0 10 0 0 0 10 0 0 0 0 0 0 0 10 0 0 0 0 0 0 0 10 0 0 0 10 11 10 10 9 10 10 11 10 11 11 0 10 0 0 0 0 0 0 0 10 0 0 0 0 0 0 0 0 0 0 0 0 0 0 0 10 0 0 0 0 0 0 0 0 0 0 0 0 0 0 0 0 0 0 0 0 0 0 0 0 0 0 0 0 0 0 0 10 0 0 0 0 0 0 0 0]
[61 136 69 70 120 59 58 144 73 71 74 76 112 57 55 54 160 81 79 82 78 84 43 88 45 192 97 95 98 94 100 51 92 104 53 131 125 133 134 123]
[1 2 3 4 4 5 5 6 5 6 6 7 6 7 7 7 6 7 7 8 7 8 8 8 7 8 8 9 8 9 8 8 7 8 8 9 8 9 9 9 8 9 9 10 9 10 9 9 8 9 9 10 9 10 10 10 9 10 10 10 9 10 9 9 8 9 9 10 9 10 10 10 9 10 10 0 10 0 10 10 9 10 10 0 10 0 0 0 10 0 0 0 10 0 10 10 9 10 10 0 10 0 0 0 10 0 0 0 0 0 0 0 10 0 0 0 0 0 0 0 10 0 0 11 10 11 10 10 9 10 10 11 10 11 11 0 10 0 0 0 0 0 0 0 10 0 0 0 0 0 0 0 0 0 0 0 0 0 0 0 10 0 0 0 0 0 0 0 0 0 0 0 0 0 0 0 0 0 0 0 0 0 0 0 0 0 0 0 0 0 0 0 10 0 0 0 0 0 0 0 0]
[136 69 70 120 59 58 144 73 71 74 76 112 57 55 54 160 81 79 82 78 84 43 88 45 192 97 95 98 94 100 51 92 104 53 131 125 133 134 123 122]
[1 2 3 4 4 5 5 6 5 6 6 7 6 7 7 7 6 7 7 8 7 8 8 8 7 8 8 9 8 9 8 8 7 8 8 9 8 9 9 9 8 9 9 10 9 10 9 9 8 9 9 10 9 10 10 10 9 10 10 10 9 10 9 9 8 9 9 10 9 10 10 10 9 10 10 0 10 0 10 10 9 10 10 0 10 0 0 0 10 0 0 0 10 0 10 10 9 10 10 0 10 0 0 0 10 0 0 0 0 0 0 0 10 0 0 0 0 0 0 0 10 0 11 11 10 11 10 10 9 10 10 11 10 11 11 0 10 0 0 0 0 0 0 0 10 0 0 0 0 0 0 0 0 0 0 0 0 0 0 0 10 0 0 0 0 0 0 0 0 0 0 0 0 0 0 0 0 0 0 0 0 0 0 0 0 0 0 0 0 0 0 0 10 0 0 0 0 0 0 0 0]
[69 70 120 59 58 144 73 71 74 76 112 57 55 54 160 81 79 82 78 84 43 88 45 192 97 95 98 94 100 51 92 104 53 131 125 133 134 123 122 137 135]
[1 2 3 4 4 5 5 6 5 6 6 7 6 7 7 7 6 7 7 8 7 8 8 8 7 8 8 9 8 9 8 8 7 8 8 9 8 9 9 9 8 9 9 10 9 10 9 9 8 9 9 10 9 10 10 10 9 10 10 10 9 10 9 9 8 9 9 10 9 10 10 10 9 10 10 0 10 0 10 10 9 10 10 0 10 0 0 0 10 0 0 0 10 0 10 10 9 10 10 0 10 0 0 0 10 0 0 0 0 0 0 0 10 0 0 0 0 0 0 0 10 0 11 11 10 11 10 10 9 10 10 11 10 11 11 11 10 11 0 0 0 0 0 0 10 0 0 0 0 0 0 0 0 0 0 0 0 0 0 0 10 0 0 0 0 0 0 0 0 0 0 0 0 0 0 0 0 0 0 0 0 0 0 0 0 0 0 0 0 0 0 0 10 0 0 0 0 0 0 0 0]
[70 120 59 58 144 73 71 74 76 112 57 55 54 160 81 79 82 78 84 43 88 45 192 97 95 98 94 100 51 92 104 53 131 125 133 134 123 122 137 135 138]
[1 2 3 4 4 5 5 6 5 6 6 7 6 7 7 7 6 7 7 8 7 8 8 8 7 8 8 9 8 9 8 8 7 8 8 9 8 9 9 9 8 9 9 10 9 10 9 9 8 9 9 10 9 10 10 10 9 10 10 10 9 10 9 9 8 9 9 10 9 10 10 10 9 10 10 0 10 0 10 10 9 10 10 0 10 0 0 0 10 0 0 0 10 0 10 10 9 10 10 0 10 0 0 0 10 0 0 0 0 0 0 0 10 0 0 0 0 0 0 0 10 0 11 11 10 11 10 10 9 10 10 11 10 11 11 11 10 11 11 0 0 0 0 0 10 0 0 0 0 0 0 0 0 0 0 0 0 0 0 0 10 0 0 0 0 0 0 0 0 0 0 0 0 0 0 0 0 0 0 0 0 0 0 0 0 0 0 0 0 0 0 0 10 0 0 0 0 0 0 0 0]
[120 59 58 144 73 71 74 76 112 57 55 54 160 81 79 82 78 84 43 88 45 192 97 95 98 94 100 51 92 104 53 131 125 133 134 123 122 137 135 138 140]
[1 2 3 4 4 5 5 6 5 6 6 7 6 7 7 7 6 7 7 8 7 8 8 8 7 8 8 9 8 9 8 8 7 8 8 9 8 9 9 9 8 9 9 10 9 10 9 9 8 9 9 10 9 10 10 10 9 10 10 10 9 10 9 9 8 9 9 10 9 10 10 10 9 10 10 0 10 0 10 10 9 10 10 0 10 0 0 0 10 0 0 0 10 0 10 10 9 10 10 0 10 0 0 0 10 0 0 0 0 0 0 0 10 0 0 0 0 0 0 0 10 0 11 11 10 11 10 10 9 10 10 11 10 11 11 11 10 11 11 0 11 0 0 0 10 0 0 0 0 0 0 0 0 0 0 0 0 0 0 0 10 0 0 0 0 0 0 0 0 0 0 0 0 0 0 0 0 0 0 0 0 0 0 0 0 0 0 0 0 0 0 0 10 0 0 0 0 0 0 0 0]
[59 58 144 73 71 74 76 112 57 55 54 160 81 79 82 78 84 43 88 45 192 97 95 98 94 100 51 92 104 53 131 125 133 134 123 122 137 135 138 140 121 119]
[1 2 3 4 4 5 5 6 5 6 6 7 6 7 7 7 6 7 7 8 7 8 8 8 7 8 8 9 8 9 8 8 7 8 8 9 8 9 9 9 8 9 9 10 9 10 9 9 8 9 9 10 9 10 10 10 9 10 10 10 9 10 9 9 8 9 9 10 9 10 10 10 9 10 10 0 10 0 10 10 9 10 10 0 10 0 0 0 10 0 0 0 10 0 10 10 9 10 10 0 10 0 0 0 10 0 0 0 0 0 0 0 10 0 0 0 0 0 0 11 10 11 11 11 10 11 10 10 9 10 10 11 10 11 11 11 10 11 11 0 11 0 0 0 10 0 0 0 0 0 0 0 0 0 0 0 0 0 0 0 10 0 0 0 0 0 0 0 0 0 0 0 0 0 0 0 0 0 0 0 0 0 0 0 0 0 0 0 0 0 0 0 10 0 0 0 0 0 0 0 0]
[58 144 73 71 74 76 112 57 55 54 160 81 79 82 78 84 43 88 45 192 97 95 98 94 100 51 92 104 53 131 125 133 134 123 122 137 135 138 140 121 119 118]
[1 2 3 4 4 5 5 6 5 6 6 7 6 7 7 7 6 7 7 8 7 8 8 8 7 8 8 9 8 9 8 8 7 8 8 9 8 9 9 9 8 9 9 10 9 10 9 9 8 9 9 10 9 10 10 10 9 10 10 10 9 10 9 9 8 9 9 10 9 10 10 10 9 10 10 0 10 0 10 10 9 10 10 0 10 0 0 0 10 0 0 0 10 0 10 10 9 10 10 0 10 0 0 0 10 0 0 0 0 0 0 0 10 0 0 0 0 0 11 11 10 11 11 11 10 11 10 10 9 10 10 11 10 11 11 11 10 11 11 0 11 0 0 0 10 0 0 0 0 0 0 0 0 0 0 0 0 0 0 0 10 0 0 0 0 0 0 0 0 0 0 0 0 0 0 0 0 0 0 0 0 0 0 0 0 0 0 0 0 0 0 0 10 0 0 0 0 0 0 0 0]
[144 73 71 74 76 112 57 55 54 160 81 79 82 78 84 43 88 45 192 97 95 98 94 100 51 92 104 53 131 125 133 134 123 122 137 135 138 140 121 119 118 116]
[1 2 3 4 4 5 5 6 5 6 6 7 6 7 7 7 6 7 7 8 7 8 8 8 7 8 8 9 8 9 8 8 7 8 8 9 8 9 9 9 8 9 9 10 9 10 9 9 8 9 9 10 9 10 10 10 9 10 10 10 9 10 9 9 8 9 9 10 9 10 10 10 9 10 10 0 10 0 10 10 9 10 10 0 10 0 0 0 10 0 0 0 10 0 10 10 9 10 10 0 10 0 0 0 10 0 0 0 0 0 0 0 10 0 0 0 11 0 11 11 10 11 11 11 10 11 10 10 9 10 10 11 10 11 11 11 10 11 11 0 11 0 0 0 10 0 0 0 0 0 0 0 0 0 0 0 0 0 0 0 10 0 0 0 0 0 0 0 0 0 0 0 0 0 0 0 0 0 0 0 0 0 0 0 0 0 0 0 0 0 0 0 10 0 0 0 0 0 0 0 0]
[73 71 74 76 112 57 55 54 160 81 79 82 78 84 43 88 45 192 97 95 98 94 100 51 92 104 53 131 125 133 134 123 122 137 135 138 140 121 119 118 116 145 143]
[1 2 3 4 4 5 5 6 5 6 6 7 6 7 7 7 6 7 7 8 7 8 8 8 7 8 8 9 8 9 8 8 7 8 8 9 8 9 9 9 8 9 9 10 9 10 9 9 8 9 9 10 9 10 10 10 9 10 10 10 9 10 9 9 8 9 9 10 9 10 10 10 9 10 10 0 10 0 10 10 9 10 10 0 10 0 0 0 10 0 0 0 10 0 10 10 9 10 10 0 10 0 0 0 10 0 0 0 0 0 0 0 10 0 0 0 11 0 11 11 10 11 11 11 10 11 10 10 9 10 10 11 10 11 11 11 10 11 11 0 11 0 0 11 10 11 0 0 0 0 0 0 0 0 0 0 0 0 0 0 10 0 0 0 0 0 0 0 0 0 0 0 0 0 0 0 0 0 0 0 0 0 0 0 0 0 0 0 0 0 0 0 10 0 0 0 0 0 0 0 0]
[71 74 76 112 57 55 54 160 81 79 82 78 84 43 88 45 192 97 95 98 94 100 51 92 104 53 131 125 133 134 123 122 137 135 138 140 121 119 118 116 145 143 146]
[1 2 3 4 4 5 5 6 5 6 6 7 6 7 7 7 6 7 7 8 7 8 8 8 7 8 8 9 8 9 8 8 7 8 8 9 8 9 9 9 8 9 9 10 9 10 9 9 8 9 9 10 9 10 10 10 9 10 10 10 9 10 9 9 8 9 9 10 9 10 10 10 9 10 10 0 10 0 10 10 9 10 10 0 10 0 0 0 10 0 0 0 10 0 10 10 9 10 10 0 10 0 0 0 10 0 0 0 0 0 0 0 10 0 0 0 11 0 11 11 10 11 11 11 10 11 10 10 9 10 10 11 10 11 11 11 10 11 11 0 11 0 0 11 10 11 11 0 0 0 0 0 0 0 0 0 0 0 0 0 10 0 0 0 0 0 0 0 0 0 0 0 0 0 0 0 0 0 0 0 0 0 0 0 0 0 0 0 0 0 0 0 10 0 0 0 0 0 0 0 0]
[74 76 112 57 55 54 160 81 79 82 78 84 43 88 45 192 97 95 98 94 100 51 92 104 53 131 125 133 134 123 122 137 135 138 140 121 119 118 116 145 143 146 142]
[1 2 3 4 4 5 5 6 5 6 6 7 6 7 7 7 6 7 7 8 7 8 8 8 7 8 8 9 8 9 8 8 7 8 8 9 8 9 9 9 8 9 9 10 9 10 9 9 8 9 9 10 9 10 10 10 9 10 10 10 9 10 9 9 8 9 9 10 9 10 10 10 9 10 10 0 10 0 10 10 9 10 10 0 10 0 0 0 10 0 0 0 10 0 10 10 9 10 10 0 10 0 0 0 10 0 0 0 0 0 0 0 10 0 0 0 11 0 11 11 10 11 11 11 10 11 10 10 9 10 10 11 10 11 11 11 10 11 11 0 11 0 11 11 10 11 11 0 0 0 0 0 0 0 0 0 0 0 0 0 10 0 0 0 0 0 0 0 0 0 0 0 0 0 0 0 0 0 0 0 0 0 0 0 0 0 0 0 0 0 0 0 10 0 0 0 0 0 0 0 0]
[76 112 57 55 54 160 81 79 82 78 84 43 88 45 192 97 95 98 94 100 51 92 104 53 131 125 133 134 123 122 137 135 138 140 121 119 118 116 145 143 146 142 148 75]
[1 2 3 4 4 5 5 6 5 6 6 7 6 7 7 7 6 7 7 8 7 8 8 8 7 8 8 9 8 9 8 8 7 8 8 9 8 9 9 9 8 9 9 10 9 10 9 9 8 9 9 10 9 10 10 10 9 10 10 10 9 10 9 9 8 9 9 10 9 10 10 10 9 10 10 11 10 0 10 10 9 10 10 0 10 0 0 0 10 0 0 0 10 0 10 10 9 10 10 0 10 0 0 0 10 0 0 0 0 0 0 0 10 0 0 0 11 0 11 11 10 11 11 11 10 11 10 10 9 10 10 11 10 11 11 11 10 11 11 0 11 0 11 11 10 11 11 0 11 0 0 0 0 0 0 0 0 0 0 0 10 0 0 0 0 0 0 0 0 0 0 0 0 0 0 0 0 0 0 0 0 0 0 0 0 0 0 0 0 0 0 0 10 0 0 0 0 0 0 0 0]
[112 57 55 54 160 81 79 82 78 84 43 88 45 192 97 95 98 94 100 51 92 104 53 131 125 133 134 123 122 137 135 138 140 121 119 118 116 145 143 146 142 148 75 152 77]
[1 2 3 4 4 5 5 6 5 6 6 7 6 7 7 7 6 7 7 8 7 8 8 8 7 8 8 9 8 9 8 8 7 8 8 9 8 9 9 9 8 9 9 10 9 10 9 9 8 9 9 10 9 10 10 10 9 10 10 10 9 10 9 9 8 9 9 10 9 10 10 10 9 10 10 11 10 11 10 10 9 10 10 0 10 0 0 0 10 0 0 0 10 0 10 10 9 10 10 0 10 0 0 0 10 0 0 0 0 0 0 0 10 0 0 0 11 0 11 11 10 11 11 11 10 11 10 10 9 10 10 11 10 11 11 11 10 11 11 0 11 0 11 11 10 11 11 0 11 0 0 0 11 0 0 0 0 0 0 0 10 0 0 0 0 0 0 0 0 0 0 0 0 0 0 0 0 0 0 0 0 0 0 0 0 0 0 0 0 0 0 0 10 0 0 0 0 0 0 0 0]
[57 55 54 160 81 79 82 78 84 43 88 45 192 97 95 98 94 100 51 92 104 53 131 125 133 134 123 122 137 135 138 140 121 119 118 116 145 143 146 142 148 75 152 77 113 111]
[1 2 3 4 4 5 5 6 5 6 6 7 6 7 7 7 6 7 7 8 7 8 8 8 7 8 8 9 8 9 8 8 7 8 8 9 8 9 9 9 8 9 9 10 9 10 9 9 8 9 9 10 9 10 10 10 9 10 10 10 9 10 9 9 8 9 9 10 9 10 10 10 9 10 10 11 10 11 10 10 9 10 10 0 10 0 0 0 10 0 0 0 10 0 10 10 9 10 10 0 10 0 0 0 10 0 0 0 0 0 0 11 10 11 0 0 11 0 11 11 10 11 11 11 10 11 10 10 9 10 10 11 10 11 11 11 10 11 11 0 11 0 11 11 10 11 11 0 11 0 0 0 11 0 0 0 0 0 0 0 10 0 0 0 0 0 0 0 0 0 0 0 0 0 0 0 0 0 0 0 0 0 0 0 0 0 0 0 0 0 0 0 10 0 0 0 0 0 0 0 0]
[55 54 160 81 79 82 78 84 43 88 45 192 97 95 98 94 100 51 92 104 53 131 125 133 134 123 122 137 135 138 140 121 119 118 116 145 143 146 142 148 75 152 77 113 111 114]
[1 2 3 4 4 5 5 6 5 6 6 7 6 7 7 7 6 7 7 8 7 8 8 8 7 8 8 9 8 9 8 8 7 8 8 9 8 9 9 9 8 9 9 10 9 10 9 9 8 9 9 10 9 10 10 10 9 10 10 10 9 10 9 9 8 9 9 10 9 10 10 10 9 10 10 11 10 11 10 10 9 10 10 0 10 0 0 0 10 0 0 0 10 0 10 10 9 10 10 0 10 0 0 0 10 0 0 0 0 0 0 11 10 11 11 0 11 0 11 11 10 11 11 11 10 11 10 10 9 10 10 11 10 11 11 11 10 11 11 0 11 0 11 11 10 11 11 0 11 0 0 0 11 0 0 0 0 0 0 0 10 0 0 0 0 0 0 0 0 0 0 0 0 0 0 0 0 0 0 0 0 0 0 0 0 0 0 0 0 0 0 0 10 0 0 0 0 0 0 0 0]
[54 160 81 79 82 78 84 43 88 45 192 97 95 98 94 100 51 92 104 53 131 125 133 134 123 122 137 135 138 140 121 119 118 116 145 143 146 142 148 75 152 77 113 111 114 110]
[1 2 3 4 4 5 5 6 5 6 6 7 6 7 7 7 6 7 7 8 7 8 8 8 7 8 8 9 8 9 8 8 7 8 8 9 8 9 9 9 8 9 9 10 9 10 9 9 8 9 9 10 9 10 10 10 9 10 10 10 9 10 9 9 8 9 9 10 9 10 10 10 9 10 10 11 10 11 10 10 9 10 10 0 10 0 0 0 10 0 0 0 10 0 10 10 9 10 10 0 10 0 0 0 10 0 0 0 0 0 11 11 10 11 11 0 11 0 11 11 10 11 11 11 10 11 10 10 9 10 10 11 10 11 11 11 10 11 11 0 11 0 11 11 10 11 11 0 11 0 0 0 11 0 0 0 0 0 0 0 10 0 0 0 0 0 0 0 0 0 0 0 0 0 0 0 0 0 0 0 0 0 0 0 0 0 0 0 0 0 0 0 10 0 0 0 0 0 0 0 0]
[160 81 79 82 78 84 43 88 45 192 97 95 98 94 100 51 92 104 53 131 125 133 134 123 122 137 135 138 140 121 119 118 116 145 143 146 142 148 75 152 77 113 111 114 110 108]
[1 2 3 4 4 5 5 6 5 6 6 7 6 7 7 7 6 7 7 8 7 8 8 8 7 8 8 9 8 9 8 8 7 8 8 9 8 9 9 9 8 9 9 10 9 10 9 9 8 9 9 10 9 10 10 10 9 10 10 10 9 10 9 9 8 9 9 10 9 10 10 10 9 10 10 11 10 11 10 10 9 10 10 0 10 0 0 0 10 0 0 0 10 0 10 10 9 10 10 0 10 0 0 0 10 0 0 0 11 0 11 11 10 11 11 0 11 0 11 11 10 11 11 11 10 11 10 10 9 10 10 11 10 11 11 11 10 11 11 0 11 0 11 11 10 11 11 0 11 0 0 0 11 0 0 0 0 0 0 0 10 0 0 0 0 0 0 0 0 0 0 0 0 0 0 0 0 0 0 0 0 0 0 0 0 0 0 0 0 0 0 0 10 0 0 0 0 0 0 0 0]
[81 79 82 78 84 43 88 45 192 97 95 98 94 100 51 92 104 53 131 125 133 134 123 122 137 135 138 140 121 119 118 116 145 143 146 142 148 75 152 77 113 111 114 110 108 161 159]
[1 2 3 4 4 5 5 6 5 6 6 7 6 7 7 7 6 7 7 8 7 8 8 8 7 8 8 9 8 9 8 8 7 8 8 9 8 9 9 9 8 9 9 10 9 10 9 9 8 9 9 10 9 10 10 10 9 10 10 10 9 10 9 9 8 9 9 10 9 10 10 10 9 10 10 11 10 11 10 10 9 10 10 0 10 0 0 0 10 0 0 0 10 0 10 10 9 10 10 0 10 0 0 0 10 0 0 0 11 0 11 11 10 11 11 0 11 0 11 11 10 11 11 11 10 11 10 10 9 10 10 11 10 11 11 11 10 11 11 0 11 0 11 11 10 11 11 0 11 0 0 0 11 0 0 0 0 0 0 11 10 11 0 0 0 0 0 0 0 0 0 0 0 0 0 0 0 0 0 0 0 0 0 0 0 0 0 0 0 0 0 0 10 0 0 0 0 0 0 0 0]
[79 82 78 84 43 88 45 192 97 95 98 94 100 51 92 104 53 131 125 133 134 123 122 137 135 138 140 121 119 118 116 145 143 146 142 148 75 152 77 113 111 114 110 108 161 159 162]
[1 2 3 4 4 5 5 6 5 6 6 7 6 7 7 7 6 7 7 8 7 8 8 8 7 8 8 9 8 9 8 8 7 8 8 9 8 9 9 9 8 9 9 10 9 10 9 9 8 9 9 10 9 10 10 10 9 10 10 10 9 10 9 9 8 9 9 10 9 10 10 10 9 10 10 11 10 11 10 10 9 10 10 0 10 0 0 0 10 0 0 0 10 0 10 10 9 10 10 0 10 0 0 0 10 0 0 0 11 0 11 11 10 11 11 0 11 0 11 11 10 11 11 11 10 11 10 10 9 10 10 11 10 11 11 11 10 11 11 0 11 0 11 11 10 11 11 0 11 0 0 0 11 0 0 0 0 0 0 11 10 11 11 0 0 0 0 0 0 0 0 0 0 0 0 0 0 0 0 0 0 0 0 0 0 0 0 0 0 0 0 0 10 0 0 0 0 0 0 0 0]
[82 78 84 43 88 45 192 97 95 98 94 100 51 92 104 53 131 125 133 134 123 122 137 135 138 140 121 119 118 116 145 143 146 142 148 75 152 77 113 111 114 110 108 161 159 162 158]
[1 2 3 4 4 5 5 6 5 6 6 7 6 7 7 7 6 7 7 8 7 8 8 8 7 8 8 9 8 9 8 8 7 8 8 9 8 9 9 9 8 9 9 10 9 10 9 9 8 9 9 10 9 10 10 10 9 10 10 10 9 10 9 9 8 9 9 10 9 10 10 10 9 10 10 11 10 11 10 10 9 10 10 0 10 0 0 0 10 0 0 0 10 0 10 10 9 10 10 0 10 0 0 0 10 0 0 0 11 0 11 11 10 11 11 0 11 0 11 11 10 11 11 11 10 11 10 10 9 10 10 11 10 11 11 11 10 11 11 0 11 0 11 11 10 11 11 0 11 0 0 0 11 0 0 0 0 0 11 11 10 11 11 0 0 0 0 0 0 0 0 0 0 0 0 0 0 0 0 0 0 0 0 0 0 0 0 0 0 0 0 0 10 0 0 0 0 0 0 0 0]
[78 84 43 88 45 192 97 95 98 94 100 51 92 104 53 131 125 133 134 123 122 137 135 138 140 121 119 118 116 145 143 146 142 148 75 152 77 113 111 114 110 108 161 159 162 158 164 83]
[1 2 3 4 4 5 5 6 5 6 6 7 6 7 7 7 6 7 7 8 7 8 8 8 7 8 8 9 8 9 8 8 7 8 8 9 8 9 9 9 8 9 9 10 9 10 9 9 8 9 9 10 9 10 10 10 9 10 10 10 9 10 9 9 8 9 9 10 9 10 10 10 9 10 10 11 10 11 10 10 9 10 10 11 10 0 0 0 10 0 0 0 10 0 10 10 9 10 10 0 10 0 0 0 10 0 0 0 11 0 11 11 10 11 11 0 11 0 11 11 10 11 11 11 10 11 10 10 9 10 10 11 10 11 11 11 10 11 11 0 11 0 11 11 10 11 11 0 11 0 0 0 11 0 0 0 0 0 11 11 10 11 11 0 11 0 0 0 0 0 0 0 0 0 0 0 0 0 0 0 0 0 0 0 0 0 0 0 0 0 0 0 10 0 0 0 0 0 0 0 0]
[84 43 88 45 192 97 95 98 94 100 51 92 104 53 131 125 133 134 123 122 137 135 138 140 121 119 118 116 145 143 146 142 148 75 152 77 113 111 114 110 108 161 159 162 158 164 83 156]
[1 2 3 4 4 5 5 6 5 6 6 7 6 7 7 7 6 7 7 8 7 8 8 8 7 8 8 9 8 9 8 8 7 8 8 9 8 9 9 9 8 9 9 10 9 10 9 9 8 9 9 10 9 10 10 10 9 10 10 10 9 10 9 9 8 9 9 10 9 10 10 10 9 10 10 11 10 11 10 10 9 10 10 11 10 0 0 0 10 0 0 0 10 0 10 10 9 10 10 0 10 0 0 0 10 0 0 0 11 0 11 11 10 11 11 0 11 0 11 11 10 11 11 11 10 11 10 10 9 10 10 11 10 11 11 11 10 11 11 0 11 0 11 11 10 11 11 0 11 0 0 0 11 0 0 0 11 0 11 11 10 11 11 0 11 0 0 0 0 0 0 0 0 0 0 0 0 0 0 0 0 0 0 0 0 0 0 0 0 0 0 0 10 0 0 0 0 0 0 0 0]
[43 88 45 192 97 95 98 94 100 51 92 104 53 131 125 133 134 123 122 137 135 138 140 121 119 118 116 145 143 146 142 148 75 152 77 113 111 114 110 108 161 159 162 158 164 83 156 168 85]
[1 2 3 4 4 5 5 6 5 6 6 7 6 7 7 7 6 7 7 8 7 8 8 8 7 8 8 9 8 9 8 8 7 8 8 9 8 9 9 9 8 9 9 10 9 10 9 9 8 9 9 10 9 10 10 10 9 10 10 10 9 10 9 9 8 9 9 10 9 10 10 10 9 10 10 11 10 11 10 10 9 10 10 11 10 11 0 0 10 0 0 0 10 0 10 10 9 10 10 0 10 0 0 0 10 0 0 0 11 0 11 11 10 11 11 0 11 0 11 11 10 11 11 11 10 11 10 10 9 10 10 11 10 11 11 11 10 11 11 0 11 0 11 11 10 11 11 0 11 0 0 0 11 0 0 0 11 0 11 11 10 11 11 0 11 0 0 0 11 0 0 0 0 0 0 0 0 0 0 0 0 0 0 0 0 0 0 0 0 0 0 0 10 0 0 0 0 0 0 0 0]
[88 45 192 97 95 98 94 100 51 92 104 53 131 125 133 134 123 122 137 135 138 140 121 119 118 116 145 143 146 142 148 75 152 77 113 111 114 110 108 161 159 162 158 164 83 156 168 85 86]
[1 2 3 4 4 5 5 6 5 6 6 7 6 7 7 7 6 7 7 8 7 8 8 8 7 8 8 9 8 9 8 8 7 8 8 9 8 9 9 9 8 9 9 10 9 10 9 9 8 9 9 10 9 10 10 10 9 10 10 10 9 10 9 9 8 9 9 10 9 10 10 10 9 10 10 11 10 11 10 10 9 10 10 11 10 11 11 0 10 0 0 0 10 0 10 10 9 10 10 0 10 0 0 0 10 0 0 0 11 0 11 11 10 11 11 0 11 0 11 11 10 11 11 11 10 11 10 10 9 10 10 11 10 11 11 11 10 11 11 0 11 0 11 11 10 11 11 0 11 0 0 0 11 0 0 0 11 0 11 11 10 11 11 0 11 0 0 0 11 0 0 0 0 0 0 0 0 0 0 0 0 0 0 0 0 0 0 0 0 0 0 0 10 0 0 0 0 0 0 0 0]
[45 192 97 95 98 94 100 51 92 104 53 131 125 133 134 123 122 137 135 138 140 121 119 118 116 145 143 146 142 148 75 152 77 113 111 114 110 108 161 159 162 158 164 83 156 168 85 86 176 89 87]
[1 2 3 4 4 5 5 6 5 6 6 7 6 7 7 7 6 7 7 8 7 8 8 8 7 8 8 9 8 9 8 8 7 8 8 9 8 9 9 9 8 9 9 10 9 10 9 9 8 9 9 10 9 10 10 10 9 10 10 10 9 10 9 9 8 9 9 10 9 10 10 10 9 10 10 11 10 11 10 10 9 10 10 11 10 11 11 11 10 11 0 0 10 0 10 10 9 10 10 0 10 0 0 0 10 0 0 0 11 0 11 11 10 11 11 0 11 0 11 11 10 11 11 11 10 11 10 10 9 10 10 11 10 11 11 11 10 11 11 0 11 0 11 11 10 11 11 0 11 0 0 0 11 0 0 0 11 0 11 11 10 11 11 0 11 0 0 0 11 0 0 0 0 0 0 0 11 0 0 0 0 0 0 0 0 0 0 0 0 0 0 0 10 0 0 0 0 0 0 0 0]
[192 97 95 98 94 100 51 92 104 53 131 125 133 134 123 122 137 135 138 140 121 119 118 116 145 143 146 142 148 75 152 77 113 111 114 110 108 161 159 162 158 164 83 156 168 85 86 176 89 87 90]
[1 2 3 4 4 5 5 6 5 6 6 7 6 7 7 7 6 7 7 8 7 8 8 8 7 8 8 9 8 9 8 8 7 8 8 9 8 9 9 9 8 9 9 10 9 10 9 9 8 9 9 10 9 10 10 10 9 10 10 10 9 10 9 9 8 9 9 10 9 10 10 10 9 10 10 11 10 11 10 10 9 10 10 11 10 11 11 11 10 11 11 0 10 0 10 10 9 10 10 0 10 0 0 0 10 0 0 0 11 0 11 11 10 11 11 0 11 0 11 11 10 11 11 11 10 11 10 10 9 10 10 11 10 11 11 11 10 11 11 0 11 0 11 11 10 11 11 0 11 0 0 0 11 0 0 0 11 0 11 11 10 11 11 0 11 0 0 0 11 0 0 0 0 0 0 0 11 0 0 0 0 0 0 0 0 0 0 0 0 0 0 0 10 0 0 0 0 0 0 0 0]
[97 95 98 94 100 51 92 104 53 131 125 133 134 123 122 137 135 138 140 121 119 118 116 145 143 146 142 148 75 152 77 113 111 114 110 108 161 159 162 158 164 83 156 168 85 86 176 89 87 90 193 191]
[1 2 3 4 4 5 5 6 5 6 6 7 6 7 7 7 6 7 7 8 7 8 8 8 7 8 8 9 8 9 8 8 7 8 8 9 8 9 9 9 8 9 9 10 9 10 9 9 8 9 9 10 9 10 10 10 9 10 10 10 9 10 9 9 8 9 9 10 9 10 10 10 9 10 10 11 10 11 10 10 9 10 10 11 10 11 11 11 10 11 11 0 10 0 10 10 9 10 10 0 10 0 0 0 10 0 0 0 11 0 11 11 10 11 11 0 11 0 11 11 10 11 11 11 10 11 10 10 9 10 10 11 10 11 11 11 10 11 11 0 11 0 11 11 10 11 11 0 11 0 0 0 11 0 0 0 11 0 11 11 10 11 11 0 11 0 0 0 11 0 0 0 0 0 0 0 11 0 0 0 0 0 0 0 0 0 0 0 0 0 0 11 10 11 0 0 0 0 0 0 0]
[95 98 94 100 51 92 104 53 131 125 133 134 123 122 137 135 138 140 121 119 118 116 145 143 146 142 148 75 152 77 113 111 114 110 108 161 159 162 158 164 83 156 168 85 86 176 89 87 90 193 191 194]
[1 2 3 4 4 5 5 6 5 6 6 7 6 7 7 7 6 7 7 8 7 8 8 8 7 8 8 9 8 9 8 8 7 8 8 9 8 9 9 9 8 9 9 10 9 10 9 9 8 9 9 10 9 10 10 10 9 10 10 10 9 10 9 9 8 9 9 10 9 10 10 10 9 10 10 11 10 11 10 10 9 10 10 11 10 11 11 11 10 11 11 0 10 0 10 10 9 10 10 0 10 0 0 0 10 0 0 0 11 0 11 11 10 11 11 0 11 0 11 11 10 11 11 11 10 11 10 10 9 10 10 11 10 11 11 11 10 11 11 0 11 0 11 11 10 11 11 0 11 0 0 0 11 0 0 0 11 0 11 11 10 11 11 0 11 0 0 0 11 0 0 0 0 0 0 0 11 0 0 0 0 0 0 0 0 0 0 0 0 0 0 11 10 11 11 0 0 0 0 0 0]
[98 94 100 51 92 104 53 131 125 133 134 123 122 137 135 138 140 121 119 118 116 145 143 146 142 148 75 152 77 113 111 114 110 108 161 159 162 158 164 83 156 168 85 86 176 89 87 90 193 191 194 190]
[1 2 3 4 4 5 5 6 5 6 6 7 6 7 7 7 6 7 7 8 7 8 8 8 7 8 8 9 8 9 8 8 7 8 8 9 8 9 9 9 8 9 9 10 9 10 9 9 8 9 9 10 9 10 10 10 9 10 10 10 9 10 9 9 8 9 9 10 9 10 10 10 9 10 10 11 10 11 10 10 9 10 10 11 10 11 11 11 10 11 11 0 10 0 10 10 9 10 10 0 10 0 0 0 10 0 0 0 11 0 11 11 10 11 11 0 11 0 11 11 10 11 11 11 10 11 10 10 9 10 10 11 10 11 11 11 10 11 11 0 11 0 11 11 10 11 11 0 11 0 0 0 11 0 0 0 11 0 11 11 10 11 11 0 11 0 0 0 11 0 0 0 0 0 0 0 11 0 0 0 0 0 0 0 0 0 0 0 0 0 11 11 10 11 11 0 0 0 0 0 0]
[94 100 51 92 104 53 131 125 133 134 123 122 137 135 138 140 121 119 118 116 145 143 146 142 148 75 152 77 113 111 114 110 108 161 159 162 158 164 83 156 168 85 86 176 89 87 90 193 191 194 190 196 99]
[1 2 3 4 4 5 5 6 5 6 6 7 6 7 7 7 6 7 7 8 7 8 8 8 7 8 8 9 8 9 8 8 7 8 8 9 8 9 9 9 8 9 9 10 9 10 9 9 8 9 9 10 9 10 10 10 9 10 10 10 9 10 9 9 8 9 9 10 9 10 10 10 9 10 10 11 10 11 10 10 9 10 10 11 10 11 11 11 10 11 11 0 10 0 10 10 9 10 10 11 10 0 0 0 10 0 0 0 11 0 11 11 10 11 11 0 11 0 11 11 10 11 11 11 10 11 10 10 9 10 10 11 10 11 11 11 10 11 11 0 11 0 11 11 10 11 11 0 11 0 0 0 11 0 0 0 11 0 11 11 10 11 11 0 11 0 0 0 11 0 0 0 0 0 0 0 11 0 0 0 0 0 0 0 0 0 0 0 0 0 11 11 10 11 11 0 11 0 0 0 0]
[100 51 92 104 53 131 125 133 134 123 122 137 135 138 140 121 119 118 116 145 143 146 142 148 75 152 77 113 111 114 110 108 161 159 162 158 164 83 156 168 85 86 176 89 87 90 193 191 194 190 196 99 188 93]
[1 2 3 4 4 5 5 6 5 6 6 7 6 7 7 7 6 7 7 8 7 8 8 8 7 8 8 9 8 9 8 8 7 8 8 9 8 9 9 9 8 9 9 10 9 10 9 9 8 9 9 10 9 10 10 10 9 10 10 10 9 10 9 9 8 9 9 10 9 10 10 10 9 10 10 11 10 11 10 10 9 10 10 11 10 11 11 11 10 11 11 0 10 11 10 10 9 10 10 11 10 0 0 0 10 0 0 0 11 0 11 11 10 11 11 0 11 0 11 11 10 11 11 11 10 11 10 10 9 10 10 11 10 11 11 11 10 11 11 0 11 0 11 11 10 11 11 0 11 0 0 0 11 0 0 0 11 0 11 11 10 11 11 0 11 0 0 0 11 0 0 0 0 0 0 0 11 0 0 0 0 0 0 0 0 0 0 0 11 0 11 11 10 11 11 0 11 0 0 0 0]
9